2 0.145833 0.214352 0.098958 0.060185
2 0.234375 0.214352 0.098958 0.060185
2 0.321615 0.214352 0.098958 0.060185
2 0.408854 0.214352 0.098958 0.060185
2 0.497396 0.545833 0.098958 0.060185
2 0.587240 0.210185 0.098958 0.061111
2 0.675781 0.210185 0.098958 0.061111
2 0.765625 0.210185 0.098958 0.061111
2 0.851562 0.210185 0.098958 0.061111
1 0.500000 0.265278 0.088542 0.062037
1 0.500000 0.332870 0.088542 0.062037
1 0.500000 0.400463 0.088542 0.062037
1 0.500000 0.468056 0.088542 0.062037
1 0.411458 0.602315 0.088542 0.062037
1 0.410156 0.535648 0.088542 0.062037
1 0.321615 0.535648 0.088542 0.062037
1 0.234375 0.535648 0.088542 0.062037
1 0.147135 0.535648 0.088542 0.062037
1 0.591146 0.601389 0.088542 0.062037
1 0.592448 0.533796 0.088542 0.062037
1 0.680990 0.533796 0.088542 0.062037
1 0.768229 0.533796 0.088542 0.062037
1 0.855469 0.533796 0.088542 0.062037
1 0.500000 0.668056 0.088542 0.062037
1 0.500000 0.735648 0.088542 0.062037
1 0.498698 0.798611 0.088542 0.062037
0 0.148438 0.465278 0.093750 0.067593
0 0.148438 0.397685 0.093750 0.067593
0 0.148438 0.330093 0.093750 0.067593
0 0.149740 0.262500 0.093750 0.067593
0 0.236979 0.263426 0.093750 0.067593
0 0.236979 0.331944 0.093750 0.067593
0 0.236979 0.399537 0.093750 0.067593
0 0.238281 0.466204 0.093750 0.067593
0 0.325521 0.465278 0.093750 0.067593
0 0.325521 0.397685 0.093750 0.067593
0 0.325521 0.330093 0.093750 0.067593
0 0.326823 0.262500 0.093750 0.067593
0 0.412760 0.263426 0.093750 0.067593
0 0.412760 0.331944 0.093750 0.067593
0 0.412760 0.399537 0.093750 0.067593
0 0.412760 0.466204 0.093750 0.067593
0 0.582031 0.465278 0.093750 0.067593
0 0.582031 0.397685 0.093750 0.067593
0 0.582031 0.329167 0.093750 0.067593
0 0.583333 0.262500 0.093750 0.067593
0 0.669271 0.263426 0.093750 0.067593
0 0.669271 0.331019 0.093750 0.067593
0 0.669271 0.399537 0.093750 0.067593
0 0.670573 0.466204 0.093750 0.067593
0 0.757812 0.465278 0.093750 0.067593
0 0.757812 0.397685 0.093750 0.067593
0 0.757812 0.329167 0.093750 0.067593
0 0.759115 0.262500 0.093750 0.067593
0 0.846354 0.263426 0.093750 0.067593
0 0.846354 0.331019 0.093750 0.067593
0 0.846354 0.399537 0.093750 0.067593
0 0.846354 0.466204 0.093750 0.067593
0 0.851562 0.605093 0.093750 0.067593
0 0.763021 0.604167 0.093750 0.067593
0 0.677083 0.604167 0.093750 0.067593
0 0.506510 0.599537 0.093750 0.067593
0 0.850260 0.671759 0.093750 0.067593
0 0.763021 0.671759 0.093750 0.067593
0 0.674479 0.671759 0.093750 0.067593
0 0.587240 0.672685 0.093750 0.067593
0 0.588542 0.739352 0.093750 0.067593
0 0.677083 0.739352 0.093750 0.067593
0 0.765625 0.739352 0.093750 0.067593
0 0.851562 0.740278 0.093750 0.067593
0 0.850260 0.806944 0.093750 0.067593
0 0.763021 0.806944 0.093750 0.067593
0 0.674479 0.806944 0.093750 0.067593
0 0.587240 0.806944 0.093750 0.067593
0 0.410156 0.804167 0.093750 0.067593
0 0.321615 0.804167 0.093750 0.067593
0 0.234375 0.804167 0.093750 0.067593
0 0.147135 0.803241 0.093750 0.067593
0 0.149740 0.736574 0.093750 0.067593
0 0.238281 0.736574 0.093750 0.067593
0 0.325521 0.736574 0.093750 0.067593
0 0.412760 0.735648 0.093750 0.067593
0 0.411458 0.668056 0.093750 0.067593
0 0.322917 0.668056 0.093750 0.067593
0 0.235677 0.668056 0.093750 0.067593
0 0.148438 0.667130 0.093750 0.067593
0 0.149740 0.600463 0.093750 0.067593
0 0.238281 0.600463 0.093750 0.067593
0 0.324219 0.600463 0.093750 0.067593
3 0.472005 0.116204 0.105469 0.073148
