0 0.231771 0.292130 0.088542 0.071296
0 0.322917 0.292130 0.088542 0.071296
0 0.410156 0.293056 0.088542 0.071296
0 0.408854 0.360648 0.088542 0.071296
0 0.320312 0.360648 0.088542 0.071296
0 0.233073 0.360648 0.088542 0.071296
0 0.145833 0.361574 0.088542 0.071296
0 0.147135 0.429167 0.088542 0.071296
0 0.235677 0.428241 0.088542 0.071296
0 0.322917 0.428241 0.088542 0.071296
0 0.411458 0.428241 0.088542 0.071296
0 0.498698 0.427315 0.088542 0.071296
0 0.500000 0.360648 0.088542 0.071296
0 0.585938 0.359722 0.088542 0.071296
0 0.587240 0.292130 0.088542 0.071296
0 0.675781 0.292130 0.088542 0.071296
0 0.763021 0.293056 0.088542 0.071296
0 0.763021 0.360648 0.088542 0.071296
0 0.674479 0.361574 0.088542 0.071296
0 0.673177 0.428241 0.088542 0.071296
0 0.585938 0.429167 0.088542 0.071296
0 0.587240 0.495833 0.088542 0.071296
0 0.675781 0.495833 0.088542 0.071296
0 0.764323 0.495833 0.088542 0.071296
0 0.850260 0.494907 0.088542 0.071296
0 0.848958 0.428241 0.088542 0.071296
0 0.763021 0.428241 0.088542 0.071296
0 0.850260 0.360648 0.088542 0.071296
0 0.148438 0.495833 0.088542 0.071296
0 0.235677 0.495833 0.088542 0.071296
0 0.324219 0.495833 0.088542 0.071296
0 0.412760 0.495833 0.088542 0.071296
0 0.498698 0.496759 0.088542 0.071296
0 0.498698 0.564352 0.088542 0.071296
0 0.410156 0.564352 0.088542 0.071296
0 0.321615 0.564352 0.088542 0.071296
0 0.234375 0.564352 0.088542 0.071296
0 0.585938 0.564352 0.088542 0.071296
0 0.674479 0.565278 0.088542 0.071296
0 0.761719 0.564352 0.088542 0.071296
0 0.673177 0.631944 0.088542 0.071296
0 0.585938 0.631944 0.088542 0.071296
0 0.497396 0.631944 0.088542 0.071296
0 0.408854 0.632870 0.088542 0.071296
0 0.322917 0.631944 0.088542 0.071296
0 0.410156 0.699537 0.088542 0.071296
0 0.498698 0.700463 0.088542 0.071296
0 0.585938 0.699537 0.088542 0.071296
0 0.498698 0.767130 0.088542 0.071296
2 0.322917 0.229167 0.093750 0.058333
2 0.500000 0.297685 0.093750 0.058333
2 0.674479 0.238426 0.093750 0.058333
1 0.144531 0.292130 0.088542 0.071296
1 0.851562 0.285648 0.088542 0.071296
1 0.856771 0.568056 0.088542 0.071296
1 0.855469 0.634722 0.088542 0.071296
1 0.769531 0.635648 0.088542 0.071296
1 0.768229 0.702315 0.088542 0.071296
1 0.680990 0.703241 0.088542 0.071296
1 0.680990 0.769907 0.088542 0.071296
1 0.591797 0.769907 0.089844 0.071296
1 0.769531 0.769907 0.088542 0.071296
1 0.856771 0.768981 0.088542 0.071296
1 0.856771 0.701389 0.088542 0.071296
1 0.399089 0.775463 0.089844 0.071296
1 0.311849 0.774537 0.089844 0.071296
1 0.310547 0.707870 0.089844 0.071296
1 0.224609 0.706944 0.089844 0.071296
1 0.223307 0.639352 0.089844 0.071296
1 0.136068 0.639352 0.089844 0.071296
1 0.136068 0.571759 0.089844 0.071296
1 0.136068 0.706944 0.089844 0.071296
1 0.137370 0.773611 0.089844 0.071296
1 0.224609 0.773611 0.089844 0.071296
