2 0.145182 0.213889 0.100260 0.066667
2 0.232422 0.212037 0.100260 0.066667
2 0.315755 0.213889 0.100260 0.066667
2 0.671224 0.212037 0.100260 0.066667
2 0.764974 0.212037 0.100260 0.066667
2 0.860026 0.212037 0.100260 0.066667
1 0.138021 0.461574 0.093750 0.065741
1 0.138021 0.393981 0.093750 0.065741
1 0.139323 0.327315 0.093750 0.065741
1 0.226562 0.328241 0.093750 0.065741
1 0.225260 0.394907 0.093750 0.065741
1 0.315104 0.328241 0.093750 0.065741
1 0.402344 0.328241 0.093750 0.065741
1 0.593750 0.326389 0.093750 0.065741
1 0.589844 0.261574 0.093750 0.065741
1 0.500000 0.255093 0.093750 0.065741
1 0.408854 0.259722 0.093750 0.065741
1 0.682292 0.326389 0.093750 0.065741
1 0.769531 0.326389 0.093750 0.065741
1 0.856771 0.327315 0.093750 0.065741
1 0.855469 0.395833 0.093750 0.065741
1 0.856771 0.462500 0.093750 0.065741
1 0.769531 0.395833 0.093750 0.065741
1 0.486979 0.603241 0.093750 0.065741
1 0.408854 0.663426 0.093750 0.065741
1 0.576823 0.665278 0.093750 0.065741
1 0.766927 0.666204 0.093750 0.065741
1 0.863281 0.669907 0.093750 0.065741
1 0.236979 0.670833 0.093750 0.065741
1 0.148438 0.667130 0.093750 0.065741
0 0.498698 0.336111 0.093750 0.066667
0 0.678385 0.264815 0.093750 0.066667
0 0.761719 0.264815 0.093750 0.066667
0 0.854167 0.261111 0.093750 0.066667
0 0.319010 0.264815 0.093750 0.066667
0 0.234375 0.265741 0.093750 0.066667
0 0.143229 0.265741 0.093750 0.066667
0 0.324219 0.394444 0.093750 0.066667
0 0.411458 0.395370 0.093750 0.066667
0 0.502604 0.397222 0.093750 0.066667
0 0.589844 0.399074 0.093750 0.066667
0 0.670573 0.400000 0.093750 0.066667
0 0.759115 0.463889 0.093750 0.066667
0 0.680990 0.463889 0.093750 0.066667
0 0.588542 0.468519 0.093750 0.066667
0 0.497396 0.464815 0.093750 0.066667
0 0.415365 0.462037 0.093750 0.066667
0 0.325521 0.465741 0.093750 0.066667
0 0.235677 0.462037 0.093750 0.066667
0 0.138021 0.522222 0.093750 0.066667
0 0.236979 0.528704 0.093750 0.066667
0 0.324219 0.534259 0.093750 0.066667
0 0.414062 0.537037 0.093750 0.066667
0 0.503906 0.539815 0.093750 0.066667
0 0.588542 0.537037 0.093750 0.066667
0 0.680990 0.534259 0.093750 0.066667
0 0.763021 0.532407 0.093750 0.066667
0 0.850260 0.526852 0.093750 0.066667
0 0.854167 0.600926 0.093750 0.066667
0 0.757812 0.600926 0.093750 0.066667
0 0.666667 0.599074 0.093750 0.066667
0 0.589844 0.602778 0.093750 0.066667
0 0.416667 0.603704 0.093750 0.066667
0 0.333333 0.601852 0.093750 0.066667
0 0.236979 0.596296 0.093750 0.066667
0 0.145833 0.599074 0.093750 0.066667
0 0.320312 0.662963 0.093750 0.066667
0 0.510417 0.665741 0.093750 0.066667
0 0.682292 0.665741 0.093750 0.066667
0 0.846354 0.737037 0.093750 0.066667
0 0.757812 0.737037 0.093750 0.066667
0 0.670573 0.737037 0.093750 0.066667
0 0.582031 0.737037 0.093750 0.066667
0 0.493490 0.737037 0.093750 0.066667
0 0.406250 0.737037 0.093750 0.066667
0 0.317708 0.737037 0.093750 0.066667
0 0.229167 0.737037 0.093750 0.066667
0 0.143229 0.737963 0.093750 0.066667
0 0.144531 0.804630 0.093750 0.066667
0 0.231771 0.804630 0.093750 0.066667
0 0.320312 0.804630 0.093750 0.066667
0 0.408854 0.804630 0.093750 0.066667
0 0.496094 0.804630 0.093750 0.066667
0 0.584635 0.804630 0.093750 0.066667
0 0.673177 0.804630 0.093750 0.066667
0 0.760417 0.804630 0.093750 0.066667
0 0.847656 0.804630 0.093750 0.066667
