2 0.413411 0.209722 0.089844 0.052778
2 0.587891 0.209722 0.089844 0.052778
2 0.763672 0.270833 0.089844 0.052778
2 0.236328 0.275463 0.089844 0.052778
0 0.141927 0.259722 0.088542 0.063889
0 0.147135 0.329630 0.088542 0.062963
0 0.235677 0.329630 0.088542 0.062963
0 0.322917 0.330556 0.088542 0.062963
0 0.321615 0.397222 0.088542 0.062963
0 0.233073 0.397222 0.088542 0.062963
0 0.145833 0.398148 0.088542 0.062963
0 0.147135 0.464815 0.088542 0.062963
0 0.234375 0.465741 0.088542 0.062963
0 0.234375 0.532407 0.088542 0.062963
0 0.145833 0.532407 0.088542 0.062963
0 0.322917 0.532407 0.088542 0.062963
0 0.410156 0.532407 0.088542 0.062963
0 0.497396 0.531481 0.088542 0.062963
0 0.497396 0.463889 0.088542 0.062963
0 0.497396 0.395370 0.088542 0.062963
0 0.496094 0.328704 0.088542 0.062963
0 0.408854 0.327778 0.088542 0.062963
0 0.408854 0.261111 0.088542 0.062963
0 0.321615 0.261111 0.088542 0.062963
0 0.497396 0.261111 0.088542 0.062963
0 0.583333 0.262037 0.088542 0.062963
0 0.584635 0.329630 0.088542 0.062963
0 0.671875 0.329630 0.088542 0.062963
0 0.671875 0.261111 0.088542 0.062963
0 0.673177 0.397222 0.088542 0.062963
0 0.759115 0.396296 0.088542 0.062963
0 0.760417 0.328704 0.088542 0.062963
0 0.847656 0.328704 0.088542 0.062963
0 0.847656 0.261111 0.088542 0.062963
0 0.846354 0.395370 0.088542 0.062963
0 0.766927 0.465741 0.088542 0.062963
0 0.854167 0.466667 0.088542 0.062963
0 0.852865 0.533333 0.088542 0.062963
0 0.764323 0.533333 0.088542 0.062963
0 0.677083 0.533333 0.088542 0.062963
0 0.589844 0.534259 0.088542 0.062963
0 0.591146 0.600926 0.088542 0.062963
0 0.678385 0.601852 0.088542 0.062963
0 0.679688 0.669444 0.088542 0.062963
0 0.766927 0.669444 0.088542 0.062963
0 0.854167 0.670370 0.088542 0.062963
0 0.854167 0.737963 0.088542 0.062963
0 0.852865 0.804630 0.088542 0.062963
0 0.765625 0.803704 0.088542 0.062963
0 0.764323 0.737037 0.088542 0.062963
0 0.677083 0.737037 0.088542 0.062963
0 0.589844 0.737037 0.088542 0.062963
0 0.589844 0.804630 0.088542 0.062963
0 0.588542 0.670370 0.088542 0.062963
0 0.501302 0.671296 0.088542 0.062963
0 0.500000 0.737963 0.088542 0.062963
0 0.412760 0.737963 0.088542 0.062963
0 0.412760 0.805556 0.088542 0.062963
0 0.411458 0.671296 0.088542 0.062963
0 0.324219 0.671296 0.088542 0.062963
0 0.322917 0.738889 0.088542 0.062963
0 0.235677 0.739815 0.088542 0.062963
0 0.234375 0.806481 0.088542 0.062963
0 0.148438 0.805556 0.088542 0.062963
0 0.148438 0.737963 0.088542 0.062963
0 0.149740 0.671296 0.088542 0.062963
0 0.235677 0.671296 0.088542 0.062963
0 0.325521 0.604630 0.088542 0.062963
0 0.412760 0.604630 0.088542 0.062963
1 0.410156 0.396759 0.083333 0.062037
1 0.410156 0.460648 0.083333 0.062037
1 0.325521 0.462500 0.083333 0.062037
1 0.231771 0.599537 0.083333 0.062037
1 0.148438 0.599537 0.083333 0.062037
1 0.497396 0.606019 0.083333 0.062037
1 0.320312 0.806944 0.083333 0.062037
1 0.496094 0.806944 0.083333 0.062037
1 0.678385 0.804167 0.083333 0.062037
1 0.769531 0.601389 0.083333 0.062037
1 0.856771 0.598611 0.083333 0.062037
1 0.673177 0.467130 0.083333 0.062037
1 0.591146 0.465278 0.083333 0.062037
1 0.589844 0.396759 0.083333 0.062037
