0 0.146484 0.259259 0.095052 0.072222
0 0.147135 0.803241 0.096354 0.075000
0 0.850911 0.803241 0.095052 0.075000
0 0.847656 0.259722 0.098958 0.075000
0 0.324870 0.261111 0.084635 0.064815
0 0.413411 0.261111 0.084635 0.064815
0 0.500651 0.261111 0.084635 0.064815
0 0.589193 0.261111 0.084635 0.064815
0 0.676432 0.262037 0.084635 0.064815
0 0.675130 0.328704 0.084635 0.064815
0 0.586589 0.328704 0.084635 0.064815
0 0.498047 0.328704 0.084635 0.064815
0 0.410807 0.328704 0.084635 0.064815
0 0.323568 0.329630 0.084635 0.064815
0 0.324870 0.396296 0.084635 0.064815
0 0.413411 0.396296 0.084635 0.064815
0 0.500651 0.396296 0.084635 0.064815
0 0.589193 0.396296 0.084635 0.064815
0 0.677734 0.396296 0.084635 0.064815
0 0.764974 0.396296 0.084635 0.064815
0 0.852214 0.397222 0.084635 0.064815
0 0.850911 0.463889 0.084635 0.064815
0 0.762370 0.463889 0.084635 0.064815
0 0.675130 0.463889 0.084635 0.064815
0 0.586589 0.463889 0.084635 0.064815
0 0.498047 0.463889 0.084635 0.064815
0 0.410807 0.463889 0.084635 0.064815
0 0.323568 0.464815 0.084635 0.064815
0 0.324870 0.532407 0.084635 0.064815
0 0.413411 0.532407 0.084635 0.064815
0 0.500651 0.532407 0.084635 0.064815
0 0.589193 0.532407 0.084635 0.064815
0 0.677734 0.532407 0.084635 0.064815
0 0.764974 0.532407 0.084635 0.064815
0 0.852214 0.533333 0.084635 0.064815
0 0.852214 0.600926 0.084635 0.064815
0 0.850911 0.667593 0.084635 0.064815
0 0.763672 0.666667 0.084635 0.064815
0 0.762370 0.600000 0.084635 0.064815
0 0.676432 0.600926 0.084635 0.064815
0 0.676432 0.668519 0.084635 0.064815
0 0.676432 0.737037 0.084635 0.064815
0 0.675130 0.804630 0.084635 0.064815
0 0.587891 0.803704 0.084635 0.064815
0 0.587891 0.735185 0.084635 0.064815
0 0.587891 0.667593 0.084635 0.064815
0 0.586589 0.600926 0.084635 0.064815
0 0.499349 0.601852 0.084635 0.064815
0 0.499349 0.669444 0.084635 0.064815
0 0.499349 0.737037 0.084635 0.064815
0 0.498047 0.804630 0.084635 0.064815
0 0.410807 0.804630 0.084635 0.064815
0 0.323568 0.803704 0.084635 0.064815
0 0.324870 0.736111 0.084635 0.064815
0 0.412109 0.735185 0.084635 0.064815
0 0.412109 0.667593 0.084635 0.064815
0 0.410807 0.600926 0.084635 0.064815
0 0.323568 0.601852 0.084635 0.064815
0 0.322266 0.668519 0.084635 0.064815
0 0.233724 0.668519 0.084635 0.064815
0 0.147786 0.667593 0.084635 0.064815
0 0.149089 0.600926 0.084635 0.064815
0 0.235026 0.600000 0.084635 0.064815
0 0.233724 0.533333 0.084635 0.064815
0 0.147786 0.532407 0.084635 0.064815
0 0.149089 0.464815 0.084635 0.064815
0 0.235026 0.463889 0.084635 0.064815
0 0.233724 0.397222 0.084635 0.064815
0 0.147786 0.397222 0.084635 0.064815
2 0.233073 0.331019 0.083333 0.062037
2 0.498698 0.196759 0.083333 0.062037
2 0.760417 0.329167 0.083333 0.062037
1 0.231771 0.262037 0.083333 0.075926
1 0.138021 0.327778 0.083333 0.075926
1 0.144531 0.728704 0.083333 0.075926
1 0.230469 0.731481 0.083333 0.075926
1 0.234375 0.810185 0.083333 0.075926
1 0.769531 0.738889 0.083333 0.075926
1 0.765625 0.807407 0.083333 0.075926
1 0.851562 0.736111 0.083333 0.075926
1 0.851562 0.327778 0.083333 0.075926
1 0.744792 0.261111 0.083333 0.075926
3 0.474609 0.118519 0.108073 0.077778
