0 0.149089 0.261574 0.084635 0.069444
0 0.237630 0.261574 0.084635 0.069444
0 0.326172 0.262500 0.084635 0.069444
0 0.324870 0.330093 0.084635 0.069444
0 0.412109 0.331019 0.084635 0.069444
0 0.413411 0.397685 0.084635 0.069444
0 0.501953 0.397685 0.084635 0.069444
0 0.589193 0.396759 0.084635 0.069444
0 0.590495 0.330093 0.084635 0.069444
0 0.676432 0.329167 0.084635 0.069444
0 0.677734 0.261574 0.084635 0.069444
0 0.766276 0.261574 0.084635 0.069444
0 0.853516 0.262500 0.084635 0.069444
0 0.852214 0.330093 0.084635 0.069444
0 0.764974 0.331019 0.084635 0.069444
0 0.764974 0.397685 0.084635 0.069444
0 0.853516 0.398611 0.084635 0.069444
0 0.852214 0.465278 0.084635 0.069444
0 0.764974 0.466204 0.084635 0.069444
0 0.766276 0.532870 0.084635 0.069444
0 0.853516 0.533796 0.084635 0.069444
0 0.853516 0.602315 0.084635 0.069444
0 0.853516 0.669907 0.084635 0.069444
0 0.853516 0.737500 0.084635 0.069444
0 0.852214 0.804167 0.084635 0.069444
0 0.763672 0.804167 0.084635 0.069444
0 0.676432 0.803241 0.084635 0.069444
0 0.677734 0.736574 0.084635 0.069444
0 0.764974 0.735648 0.084635 0.069444
0 0.764974 0.668056 0.084635 0.069444
0 0.763672 0.601389 0.084635 0.069444
0 0.676432 0.602315 0.084635 0.069444
0 0.675130 0.668981 0.084635 0.069444
0 0.589193 0.668981 0.084635 0.069444
0 0.589193 0.736574 0.084635 0.069444
0 0.677734 0.398611 0.084635 0.069444
0 0.677734 0.467130 0.084635 0.069444
0 0.677734 0.533796 0.084635 0.069444
0 0.237630 0.330093 0.084635 0.069444
0 0.150391 0.331019 0.084635 0.069444
0 0.151693 0.397685 0.084635 0.069444
0 0.240234 0.397685 0.084635 0.069444
0 0.326172 0.398611 0.084635 0.069444
0 0.326172 0.465278 0.084635 0.069444
0 0.237630 0.465278 0.084635 0.069444
0 0.149089 0.465278 0.084635 0.069444
0 0.146484 0.532870 0.084635 0.069444
0 0.414714 0.465278 0.084635 0.069444
0 0.501953 0.465278 0.084635 0.069444
0 0.589193 0.466204 0.084635 0.069444
0 0.587891 0.533796 0.084635 0.069444
0 0.499349 0.533796 0.084635 0.069444
0 0.412109 0.533796 0.084635 0.069444
0 0.323568 0.533796 0.084635 0.069444
0 0.236328 0.534722 0.084635 0.069444
0 0.235026 0.601389 0.084635 0.069444
0 0.149089 0.602315 0.084635 0.069444
0 0.150391 0.668981 0.084635 0.069444
0 0.236328 0.669907 0.084635 0.069444
0 0.235026 0.736574 0.084635 0.069444
0 0.149089 0.737500 0.084635 0.069444
0 0.150391 0.804167 0.084635 0.069444
0 0.237630 0.804167 0.084635 0.069444
0 0.324870 0.803241 0.084635 0.069444
0 0.324870 0.735648 0.084635 0.069444
0 0.324870 0.668056 0.084635 0.069444
0 0.326172 0.601389 0.084635 0.069444
0 0.413411 0.602315 0.084635 0.069444
0 0.413411 0.669907 0.084635 0.069444
0 0.413411 0.736574 0.084635 0.069444
0 0.587891 0.601389 0.084635 0.069444
0 0.501953 0.602315 0.084635 0.069444
0 0.501953 0.669907 0.084635 0.069444
2 0.499349 0.328704 0.079427 0.062963
1 0.413411 0.262500 0.084635 0.069444
1 0.500651 0.262500 0.084635 0.069444
1 0.587891 0.262500 0.084635 0.069444
1 0.418620 0.804167 0.084635 0.069444
1 0.505859 0.803241 0.084635 0.069444
1 0.593099 0.804167 0.084635 0.069444
1 0.505859 0.736574 0.084635 0.069444
