0 0.463021 0.293056 0.036458 0.069444
0 0.500000 0.292130 0.036458 0.069444
0 0.534375 0.294907 0.036458 0.069444
0 0.533854 0.361574 0.036458 0.069444
0 0.499479 0.361574 0.036458 0.069444
0 0.461979 0.359722 0.036458 0.069444
0 0.464062 0.427315 0.036458 0.069444
0 0.427604 0.429167 0.036458 0.069444
0 0.427604 0.499537 0.036458 0.069444
0 0.464062 0.499537 0.036458 0.069444
0 0.466146 0.430093 0.036458 0.069444
0 0.503646 0.476389 0.036458 0.069444
0 0.535937 0.431944 0.036458 0.069444
0 0.571354 0.431944 0.036458 0.069444
0 0.572396 0.497685 0.036458 0.069444
0 0.536458 0.495833 0.036458 0.069444
0 0.501042 0.428241 0.036458 0.069444
0 0.498437 0.564352 0.036458 0.069444
0 0.463542 0.567130 0.036458 0.069444
0 0.429167 0.570833 0.036458 0.069444
0 0.392708 0.564352 0.036458 0.069444
0 0.389583 0.631944 0.036458 0.069444
0 0.393750 0.701389 0.036458 0.069444
0 0.427604 0.697685 0.036458 0.069444
0 0.427604 0.632870 0.036458 0.069444
0 0.429167 0.772685 0.036458 0.069444
0 0.464062 0.773611 0.036458 0.069444
0 0.464062 0.704167 0.036458 0.069444
0 0.464583 0.636574 0.036458 0.069444
0 0.500521 0.631019 0.036458 0.069444
0 0.501042 0.701389 0.036458 0.069444
0 0.501563 0.768981 0.036458 0.069444
0 0.534896 0.768981 0.036458 0.069444
0 0.533854 0.706019 0.036458 0.069444
0 0.534375 0.634722 0.036458 0.069444
0 0.568750 0.634722 0.036458 0.069444
0 0.570312 0.570833 0.036458 0.069444
0 0.538542 0.570833 0.036458 0.069444
0 0.606250 0.565278 0.036458 0.069444
0 0.606250 0.713426 0.036458 0.069444
0 0.608854 0.638426 0.036458 0.069444
0 0.570833 0.635648 0.036458 0.069444
0 0.569792 0.701389 0.036458 0.069444
0 0.571354 0.768056 0.036458 0.069444
