0 0.429948 0.261574 0.040104 0.069444
0 0.466927 0.261574 0.040104 0.069444
0 0.502344 0.260648 0.040104 0.069444
0 0.535937 0.258333 0.036458 0.070370
0 0.569792 0.259259 0.036458 0.070370
0 0.571354 0.327778 0.036458 0.070370
0 0.427604 0.331019 0.039583 0.058333
0 0.465104 0.329167 0.039583 0.058333
0 0.501042 0.329167 0.039583 0.058333
0 0.497917 0.393981 0.039583 0.058333
0 0.534375 0.392130 0.039583 0.058333
0 0.534896 0.329167 0.039583 0.058333
0 0.464583 0.396759 0.039583 0.058333
0 0.425781 0.398148 0.035937 0.064815
0 0.426823 0.465741 0.035937 0.064815
0 0.466406 0.464815 0.035937 0.064815
0 0.499219 0.462037 0.035937 0.064815
0 0.535677 0.463889 0.035937 0.064815
0 0.568490 0.465741 0.035937 0.064815
0 0.569010 0.533333 0.035937 0.064815
0 0.606510 0.531481 0.035937 0.064815
0 0.535677 0.529630 0.035937 0.064815
0 0.498698 0.532407 0.035937 0.064815
0 0.461719 0.530556 0.035937 0.064815
0 0.429948 0.533333 0.035937 0.064815
0 0.392448 0.533333 0.035937 0.064815
0 0.391406 0.600926 0.035937 0.064815
0 0.357552 0.601852 0.035937 0.064815
0 0.429427 0.598148 0.035937 0.064815
0 0.463281 0.600926 0.035937 0.064815
0 0.499740 0.600926 0.035937 0.064815
0 0.534115 0.601852 0.035937 0.064815
0 0.569531 0.600926 0.035937 0.064815
0 0.605469 0.600926 0.035937 0.064815
0 0.639323 0.602778 0.035937 0.064815
0 0.640885 0.669444 0.035937 0.064815
0 0.605469 0.671296 0.035937 0.064815
0 0.499219 0.668519 0.035937 0.064815
0 0.569531 0.665741 0.035937 0.064815
0 0.533594 0.666667 0.035937 0.064815
0 0.464844 0.668519 0.035937 0.064815
0 0.428385 0.666667 0.035937 0.064815
0 0.391406 0.668519 0.035937 0.064815
0 0.359115 0.669444 0.035937 0.064815
0 0.357552 0.735185 0.035937 0.064815
0 0.392448 0.738889 0.035937 0.064815
0 0.428906 0.738889 0.035937 0.064815
0 0.464323 0.737963 0.035937 0.064815
0 0.498698 0.736111 0.035937 0.064815
0 0.534115 0.737037 0.035937 0.064815
0 0.568490 0.737037 0.035937 0.064815
0 0.605990 0.736111 0.035937 0.064815
0 0.640365 0.734259 0.035937 0.064815
0 0.641406 0.802778 0.035937 0.064815
0 0.532552 0.807407 0.035937 0.064815
0 0.568490 0.806481 0.035937 0.064815
0 0.604427 0.804630 0.035937 0.064815
0 0.499219 0.806481 0.035937 0.064815
0 0.464844 0.803704 0.035937 0.064815
0 0.429948 0.802778 0.035937 0.064815
0 0.391927 0.802778 0.035937 0.064815
0 0.355469 0.803704 0.035937 0.064815
