0 0.188802 0.258796 0.093750 0.073148
0 0.282552 0.257870 0.093750 0.073148
0 0.375000 0.256944 0.093750 0.073148
0 0.467448 0.257870 0.093750 0.073148
0 0.546875 0.259722 0.093750 0.073148
0 0.546875 0.259722 0.093750 0.073148
0 0.640625 0.259722 0.093750 0.073148
0 0.734375 0.259722 0.093750 0.073148
0 0.817708 0.258796 0.093750 0.073148
0 0.190104 0.324537 0.093750 0.073148
0 0.285156 0.324537 0.093750 0.073148
0 0.378906 0.324537 0.093750 0.073148
0 0.472656 0.324537 0.093750 0.073148
0 0.552083 0.331944 0.093750 0.073148
0 0.643229 0.331944 0.093750 0.073148
0 0.734375 0.331944 0.093750 0.073148
0 0.824219 0.332870 0.093750 0.073148
0 0.190104 0.399537 0.093750 0.073148
0 0.277344 0.399537 0.093750 0.073148
0 0.365885 0.399537 0.093750 0.073148
0 0.454427 0.399537 0.093750 0.073148
0 0.541667 0.399537 0.093750 0.073148
0 0.630208 0.399537 0.093750 0.073148
0 0.718750 0.399537 0.093750 0.073148
0 0.804688 0.399537 0.093750 0.073148
0 0.189453 0.467593 0.097656 0.064815
0 0.277995 0.467593 0.097656 0.064815
0 0.366536 0.467593 0.097656 0.064815
0 0.453776 0.467593 0.097656 0.064815
0 0.542318 0.467593 0.097656 0.064815
0 0.630859 0.467593 0.097656 0.064815
0 0.718099 0.467593 0.097656 0.064815
0 0.805339 0.469444 0.097656 0.064815
0 0.804036 0.530556 0.097656 0.064815
0 0.716797 0.530556 0.097656 0.064815
0 0.628255 0.530556 0.097656 0.064815
0 0.539714 0.530556 0.097656 0.064815
0 0.452474 0.530556 0.097656 0.064815
0 0.363932 0.530556 0.097656 0.064815
0 0.275391 0.530556 0.097656 0.064815
0 0.189453 0.531481 0.097656 0.064815
0 0.190755 0.593519 0.097656 0.064815
0 0.277995 0.593519 0.097656 0.064815
0 0.366536 0.593519 0.097656 0.064815
0 0.455078 0.593519 0.097656 0.064815
0 0.542318 0.593519 0.097656 0.064815
0 0.630859 0.593519 0.097656 0.064815
0 0.719401 0.593519 0.097656 0.064815
0 0.805339 0.594444 0.097656 0.064815
0 0.809245 0.665741 0.097656 0.064815
0 0.809245 0.728704 0.097656 0.064815
0 0.807943 0.805556 0.097656 0.064815
0 0.720703 0.804630 0.097656 0.064815
0 0.720703 0.739815 0.097656 0.064815
0 0.719401 0.674074 0.097656 0.064815
0 0.632161 0.675000 0.097656 0.064815
0 0.632161 0.741667 0.097656 0.064815
0 0.630859 0.808333 0.097656 0.064815
0 0.544922 0.807407 0.097656 0.064815
0 0.544922 0.739815 0.097656 0.064815
0 0.543620 0.674074 0.097656 0.064815
0 0.456380 0.675000 0.097656 0.064815
0 0.456380 0.741667 0.097656 0.064815
0 0.455078 0.808333 0.097656 0.064815
0 0.367839 0.807407 0.097656 0.064815
0 0.367839 0.739815 0.097656 0.064815
0 0.366536 0.674074 0.097656 0.064815
0 0.280599 0.675000 0.097656 0.064815
0 0.280599 0.741667 0.097656 0.064815
0 0.279297 0.808333 0.097656 0.064815
0 0.192057 0.806481 0.097656 0.064815
0 0.192057 0.738889 0.097656 0.064815
0 0.192057 0.673148 0.097656 0.064815
3 0.395833 0.116204 0.091146 0.065741
3 0.561849 0.117130 0.092448 0.069444
