0 0.148438 0.261574 0.096354 0.069444
0 0.236979 0.261574 0.096354 0.069444
0 0.324219 0.261574 0.096354 0.069444
0 0.412760 0.261574 0.096354 0.069444
0 0.501302 0.261574 0.096354 0.069444
0 0.588542 0.261574 0.096354 0.069444
0 0.677083 0.261574 0.096354 0.069444
0 0.765625 0.261574 0.096354 0.069444
0 0.851562 0.262500 0.096354 0.069444
0 0.850260 0.329167 0.096354 0.069444
0 0.763021 0.329167 0.096354 0.069444
0 0.674479 0.329167 0.096354 0.069444
0 0.585938 0.329167 0.096354 0.069444
0 0.498698 0.329167 0.096354 0.069444
0 0.410156 0.329167 0.096354 0.069444
0 0.321615 0.329167 0.096354 0.069444
0 0.234375 0.330093 0.096354 0.069444
0 0.147135 0.329167 0.096354 0.069444
0 0.235677 0.396759 0.096354 0.069444
0 0.324219 0.396759 0.096354 0.069444
0 0.411458 0.396759 0.096354 0.069444
0 0.500000 0.396759 0.096354 0.069444
0 0.588542 0.396759 0.096354 0.069444
0 0.675781 0.397685 0.096354 0.069444
0 0.763021 0.396759 0.096354 0.069444
0 0.674479 0.464352 0.096354 0.069444
0 0.585938 0.464352 0.096354 0.069444
0 0.498698 0.465278 0.096354 0.069444
0 0.410156 0.464352 0.096354 0.069444
0 0.322917 0.464352 0.096354 0.069444
0 0.498698 0.532870 0.096354 0.069444
0 0.144531 0.528241 0.096354 0.069444
0 0.231771 0.533796 0.096354 0.069444
0 0.759115 0.532870 0.096354 0.069444
0 0.851562 0.532870 0.096354 0.069444
0 0.850260 0.599537 0.096354 0.069444
0 0.763021 0.599537 0.096354 0.069444
0 0.674479 0.599537 0.096354 0.069444
0 0.585938 0.599537 0.096354 0.069444
0 0.498698 0.599537 0.096354 0.069444
0 0.410156 0.599537 0.096354 0.069444
0 0.321615 0.599537 0.096354 0.069444
0 0.234375 0.599537 0.096354 0.069444
0 0.147135 0.600463 0.096354 0.069444
0 0.148438 0.667130 0.096354 0.069444
0 0.236979 0.667130 0.096354 0.069444
0 0.324219 0.667130 0.096354 0.069444
0 0.412760 0.667130 0.096354 0.069444
0 0.501302 0.667130 0.096354 0.069444
0 0.588542 0.667130 0.096354 0.069444
0 0.677083 0.667130 0.096354 0.069444
0 0.765625 0.667130 0.096354 0.069444
0 0.851562 0.668056 0.096354 0.069444
0 0.850260 0.735648 0.096354 0.069444
0 0.763021 0.735648 0.096354 0.069444
0 0.674479 0.735648 0.096354 0.069444
0 0.585938 0.735648 0.096354 0.069444
0 0.498698 0.735648 0.096354 0.069444
0 0.410156 0.735648 0.096354 0.069444
0 0.321615 0.735648 0.096354 0.069444
0 0.234375 0.735648 0.096354 0.069444
0 0.147135 0.736574 0.096354 0.069444
0 0.148438 0.803241 0.096354 0.069444
0 0.236979 0.803241 0.096354 0.069444
0 0.324219 0.803241 0.096354 0.069444
0 0.412760 0.803241 0.096354 0.069444
0 0.501302 0.803241 0.096354 0.069444
0 0.588542 0.803241 0.096354 0.069444
0 0.677083 0.803241 0.096354 0.069444
0 0.765625 0.803241 0.096354 0.069444
0 0.851562 0.803241 0.096354 0.069444
