0 0.234375 0.293981 0.093750 0.065741
0 0.234375 0.362500 0.093750 0.065741
0 0.234375 0.430093 0.093750 0.065741
0 0.234375 0.497685 0.093750 0.065741
0 0.235677 0.564352 0.093750 0.065741
0 0.322917 0.563426 0.093750 0.065741
0 0.322917 0.495833 0.093750 0.065741
0 0.322917 0.428241 0.093750 0.065741
0 0.322917 0.360648 0.093750 0.065741
0 0.324219 0.291204 0.093750 0.065741
0 0.411458 0.293981 0.093750 0.065741
0 0.411458 0.362500 0.093750 0.065741
0 0.411458 0.430093 0.093750 0.065741
0 0.411458 0.497685 0.093750 0.065741
0 0.412760 0.564352 0.093750 0.065741
0 0.498698 0.563426 0.093750 0.065741
0 0.498698 0.495833 0.093750 0.065741
0 0.498698 0.428241 0.093750 0.065741
0 0.498698 0.360648 0.093750 0.065741
0 0.500000 0.293056 0.093750 0.065741
0 0.588542 0.293056 0.093750 0.065741
0 0.677083 0.293056 0.093750 0.065741
0 0.763021 0.293981 0.093750 0.065741
0 0.761719 0.361574 0.093750 0.065741
0 0.674479 0.361574 0.093750 0.065741
0 0.587240 0.362500 0.093750 0.065741
0 0.588542 0.429167 0.093750 0.065741
0 0.677083 0.429167 0.093750 0.065741
0 0.763021 0.430093 0.093750 0.065741
0 0.761719 0.496759 0.093750 0.065741
0 0.674479 0.496759 0.093750 0.065741
0 0.587240 0.497685 0.093750 0.065741
0 0.589844 0.564352 0.093750 0.065741
0 0.678385 0.565278 0.093750 0.065741
0 0.764323 0.564352 0.093750 0.065741
0 0.679688 0.632870 0.093750 0.065741
0 0.678385 0.701389 0.093750 0.065741
0 0.677083 0.768056 0.093750 0.065741
0 0.589844 0.767130 0.093750 0.065741
0 0.589844 0.699537 0.093750 0.065741
0 0.588542 0.631944 0.093750 0.065741
0 0.501302 0.632870 0.093750 0.065741
0 0.501302 0.701389 0.093750 0.065741
0 0.500000 0.768056 0.093750 0.065741
0 0.414062 0.767130 0.093750 0.065741
0 0.414062 0.699537 0.093750 0.065741
0 0.412760 0.631944 0.093750 0.065741
0 0.325521 0.632870 0.093750 0.065741
0 0.325521 0.701389 0.093750 0.065741
0 0.325521 0.768056 0.093750 0.065741
2 0.324219 0.224074 0.093750 0.066667
2 0.500000 0.226852 0.093750 0.066667
2 0.675781 0.227778 0.093750 0.066667
1 0.766927 0.633796 0.093750 0.065741
1 0.766927 0.701389 0.093750 0.065741
1 0.766927 0.768981 0.093750 0.065741
1 0.235026 0.631019 0.095052 0.065741
1 0.235026 0.698611 0.095052 0.065741
1 0.235026 0.765278 0.095052 0.065741
3 0.388672 0.116667 0.108073 0.077778
3 0.559896 0.116667 0.098958 0.070370
