2 0.451823 0.280556 0.096354 0.059259
2 0.545573 0.279630 0.096354 0.059259
2 0.805990 0.542593 0.096354 0.059259
2 0.180990 0.537963 0.096354 0.059259
1 0.363932 0.323148 0.082031 0.061111
1 0.366536 0.392593 0.082031 0.061111
1 0.366536 0.467593 0.082031 0.061111
1 0.376953 0.529630 0.082031 0.061111
1 0.460286 0.529630 0.082031 0.061111
1 0.542318 0.529630 0.082031 0.061111
1 0.625651 0.529630 0.082031 0.061111
1 0.620443 0.465741 0.082031 0.061111
1 0.624349 0.400926 0.082031 0.061111
1 0.621745 0.333333 0.082031 0.061111
1 0.543620 0.400926 0.082031 0.061111
1 0.452474 0.398148 0.082031 0.061111
1 0.185547 0.475000 0.082031 0.061111
1 0.188151 0.411111 0.082031 0.061111
1 0.182943 0.344444 0.082031 0.061111
1 0.177734 0.666667 0.082031 0.061111
1 0.176432 0.727778 0.082031 0.061111
1 0.259766 0.737963 0.082031 0.061111
1 0.724609 0.740741 0.082031 0.061111
1 0.805339 0.740741 0.082031 0.061111
1 0.807943 0.679630 0.082031 0.061111
1 0.798828 0.479630 0.082031 0.061111
1 0.794922 0.408333 0.082031 0.061111
1 0.798828 0.334259 0.082031 0.061111
0 0.450521 0.329630 0.088542 0.064815
0 0.542969 0.331481 0.088542 0.064815
0 0.272135 0.325926 0.088542 0.064815
0 0.274740 0.393519 0.088542 0.064815
0 0.268229 0.463889 0.088542 0.064815
0 0.283854 0.530556 0.088542 0.064815
0 0.282552 0.600926 0.088542 0.064815
0 0.186198 0.605556 0.088542 0.064815
0 0.274740 0.664815 0.088542 0.064815
0 0.365885 0.667593 0.088542 0.064815
0 0.368490 0.608333 0.088542 0.064815
0 0.375000 0.738889 0.088542 0.064815
0 0.453125 0.742593 0.088542 0.064815
0 0.450521 0.669444 0.088542 0.064815
0 0.454427 0.604630 0.088542 0.064815
0 0.541667 0.601852 0.088542 0.064815
0 0.550781 0.664815 0.088542 0.064815
0 0.544271 0.741667 0.088542 0.064815
0 0.639323 0.734259 0.088542 0.064815
0 0.634115 0.669444 0.088542 0.064815
0 0.630208 0.603704 0.088542 0.064815
0 0.718750 0.667593 0.088542 0.064815
0 0.720052 0.606481 0.088542 0.064815
0 0.805990 0.606481 0.088542 0.064815
0 0.717448 0.537963 0.088542 0.064815
0 0.718750 0.470370 0.088542 0.064815
0 0.722656 0.404630 0.088542 0.064815
0 0.721354 0.333333 0.088542 0.064815
0 0.540365 0.465741 0.088542 0.064815
0 0.445312 0.461111 0.088542 0.064815
3 0.469401 0.118519 0.113281 0.075926
