2 0.141276 0.338426 0.105469 0.076852
2 0.228516 0.272685 0.105469 0.076852
2 0.318359 0.218981 0.105469 0.076852
2 0.413411 0.205093 0.105469 0.076852
2 0.496745 0.206944 0.105469 0.076852
2 0.594401 0.206019 0.105469 0.076852
2 0.676432 0.204167 0.105469 0.076852
2 0.761068 0.265278 0.105469 0.076852
2 0.849609 0.330093 0.105469 0.076852
1 0.129557 0.267130 0.095052 0.071296
1 0.860026 0.260648 0.095052 0.071296
1 0.145182 0.815278 0.095052 0.071296
1 0.857422 0.805093 0.095052 0.071296
0 0.235677 0.807407 0.083333 0.062963
0 0.322917 0.807407 0.083333 0.062963
0 0.411458 0.807407 0.083333 0.062963
0 0.498698 0.807407 0.083333 0.062963
0 0.587240 0.807407 0.083333 0.062963
0 0.675781 0.807407 0.083333 0.062963
0 0.761719 0.806481 0.083333 0.062963
0 0.760417 0.738889 0.083333 0.062963
0 0.673177 0.738889 0.083333 0.062963
0 0.584635 0.738889 0.083333 0.062963
0 0.496094 0.738889 0.083333 0.062963
0 0.408854 0.738889 0.083333 0.062963
0 0.320312 0.738889 0.083333 0.062963
0 0.231771 0.737963 0.083333 0.062963
0 0.234375 0.671296 0.083333 0.062963
0 0.322917 0.671296 0.083333 0.062963
0 0.411458 0.671296 0.083333 0.062963
0 0.498698 0.671296 0.083333 0.062963
0 0.587240 0.671296 0.083333 0.062963
0 0.675781 0.671296 0.083333 0.062963
0 0.761719 0.670370 0.083333 0.062963
0 0.760417 0.603704 0.083333 0.062963
0 0.673177 0.603704 0.083333 0.062963
0 0.584635 0.603704 0.083333 0.062963
0 0.494792 0.603704 0.083333 0.062963
0 0.407552 0.603704 0.083333 0.062963
0 0.319010 0.603704 0.083333 0.062963
0 0.231771 0.602778 0.083333 0.062963
0 0.233073 0.536111 0.083333 0.062963
0 0.321615 0.536111 0.083333 0.062963
0 0.410156 0.536111 0.083333 0.062963
0 0.497396 0.536111 0.083333 0.062963
0 0.585938 0.536111 0.083333 0.062963
0 0.674479 0.536111 0.083333 0.062963
0 0.760417 0.535185 0.083333 0.062963
0 0.759115 0.467593 0.083333 0.062963
0 0.671875 0.467593 0.083333 0.062963
0 0.583333 0.467593 0.083333 0.062963
0 0.494792 0.467593 0.083333 0.062963
0 0.407552 0.467593 0.083333 0.062963
0 0.319010 0.467593 0.083333 0.062963
0 0.231771 0.466667 0.083333 0.062963
0 0.233073 0.400000 0.083333 0.062963
0 0.321615 0.400000 0.083333 0.062963
0 0.410156 0.400000 0.083333 0.062963
0 0.497396 0.400000 0.083333 0.062963
0 0.585938 0.400000 0.083333 0.062963
0 0.674479 0.400000 0.083333 0.062963
0 0.761719 0.399074 0.083333 0.062963
0 0.759115 0.332407 0.083333 0.062963
0 0.671875 0.332407 0.083333 0.062963
0 0.583333 0.332407 0.083333 0.062963
0 0.494792 0.332407 0.083333 0.062963
0 0.407552 0.332407 0.083333 0.062963
0 0.319010 0.331481 0.083333 0.062963
0 0.231771 0.332407 0.083333 0.062963
0 0.320312 0.264815 0.083333 0.062963
0 0.408854 0.264815 0.083333 0.062963
0 0.496094 0.264815 0.083333 0.062963
0 0.584635 0.264815 0.083333 0.062963
0 0.671875 0.264815 0.083333 0.062963
0 0.848958 0.400000 0.083333 0.062963
0 0.848958 0.467593 0.083333 0.062963
0 0.848958 0.535185 0.083333 0.062963
0 0.848958 0.602778 0.083333 0.062963
0 0.848958 0.671296 0.083333 0.062963
0 0.848958 0.737963 0.083333 0.062963
0 0.145833 0.737037 0.083333 0.062963
0 0.145833 0.669444 0.083333 0.062963
0 0.145833 0.600926 0.083333 0.062963
0 0.145833 0.533333 0.083333 0.062963
0 0.145833 0.465741 0.083333 0.062963
0 0.145833 0.399074 0.083333 0.062963
