2 0.499349 0.212500 0.097656 0.060185
2 0.141276 0.405093 0.097656 0.060185
2 0.857422 0.408796 0.097656 0.060185
0 0.233724 0.260185 0.092448 0.074074
1 0.134766 0.259259 0.105469 0.077778
1 0.132161 0.337963 0.105469 0.077778
1 0.865234 0.252778 0.105469 0.077778
1 0.862630 0.328704 0.105469 0.077778
0 0.320964 0.260185 0.092448 0.074074
0 0.409505 0.260185 0.092448 0.074074
0 0.498047 0.260185 0.092448 0.074074
0 0.585286 0.260185 0.092448 0.074074
0 0.673828 0.260185 0.092448 0.074074
0 0.762370 0.260185 0.092448 0.074074
0 0.758464 0.327778 0.092448 0.074074
0 0.669922 0.327778 0.092448 0.074074
0 0.581380 0.327778 0.092448 0.074074
0 0.494141 0.327778 0.092448 0.074074
0 0.405599 0.327778 0.092448 0.074074
0 0.317057 0.327778 0.092448 0.074074
0 0.231120 0.328704 0.092448 0.074074
0 0.232422 0.395370 0.092448 0.074074
0 0.319661 0.395370 0.092448 0.074074
0 0.408203 0.395370 0.092448 0.074074
0 0.496745 0.395370 0.092448 0.074074
0 0.583984 0.395370 0.092448 0.074074
0 0.672526 0.395370 0.092448 0.074074
0 0.759766 0.396296 0.092448 0.074074
0 0.761068 0.462963 0.092448 0.074074
0 0.847005 0.463889 0.092448 0.074074
0 0.845703 0.530556 0.092448 0.074074
0 0.759766 0.531481 0.092448 0.074074
0 0.761068 0.598148 0.092448 0.074074
0 0.847005 0.599074 0.092448 0.074074
0 0.845703 0.666667 0.092448 0.074074
0 0.759766 0.667593 0.092448 0.074074
0 0.761068 0.734259 0.092448 0.074074
0 0.847005 0.735185 0.092448 0.074074
0 0.845703 0.801852 0.092448 0.074074
0 0.758464 0.801852 0.092448 0.074074
0 0.671224 0.800926 0.092448 0.074074
0 0.671224 0.733333 0.092448 0.074074
0 0.671224 0.665741 0.092448 0.074074
0 0.671224 0.597222 0.092448 0.074074
0 0.671224 0.529630 0.092448 0.074074
0 0.669922 0.462963 0.092448 0.074074
0 0.582682 0.463889 0.092448 0.074074
0 0.582682 0.531481 0.092448 0.074074
0 0.581380 0.598148 0.092448 0.074074
0 0.495443 0.597222 0.092448 0.074074
0 0.495443 0.529630 0.092448 0.074074
0 0.494141 0.462963 0.092448 0.074074
0 0.406901 0.463889 0.092448 0.074074
0 0.406901 0.531481 0.092448 0.074074
0 0.405599 0.598148 0.092448 0.074074
0 0.318359 0.597222 0.092448 0.074074
0 0.318359 0.529630 0.092448 0.074074
0 0.315755 0.462963 0.092448 0.074074
0 0.228516 0.462963 0.092448 0.074074
0 0.141276 0.463889 0.092448 0.074074
0 0.142578 0.530556 0.092448 0.074074
0 0.229818 0.531481 0.092448 0.074074
0 0.228516 0.598148 0.092448 0.074074
0 0.141276 0.599074 0.092448 0.074074
0 0.142578 0.666667 0.092448 0.074074
0 0.231120 0.666667 0.092448 0.074074
0 0.317057 0.667593 0.092448 0.074074
0 0.315755 0.734259 0.092448 0.074074
0 0.228516 0.734259 0.092448 0.074074
0 0.141276 0.735185 0.092448 0.074074
0 0.142578 0.801852 0.092448 0.074074
0 0.231120 0.801852 0.092448 0.074074
0 0.317057 0.801852 0.092448 0.074074
3 0.473958 0.117593 0.111979 0.077778
