0 0.239583 0.805093 0.088542 0.069444
0 0.328125 0.805093 0.088542 0.069444
0 0.416667 0.805093 0.088542 0.069444
0 0.505208 0.805093 0.088542 0.069444
0 0.592448 0.805093 0.088542 0.069444
0 0.680990 0.805093 0.088542 0.069444
0 0.768229 0.804167 0.088542 0.069444
0 0.766927 0.736574 0.088542 0.069444
0 0.678385 0.736574 0.088542 0.069444
0 0.589844 0.736574 0.088542 0.069444
0 0.502604 0.736574 0.088542 0.069444
0 0.414062 0.736574 0.088542 0.069444
0 0.325521 0.736574 0.088542 0.069444
0 0.239583 0.735648 0.088542 0.069444
0 0.240885 0.668981 0.088542 0.069444
0 0.328125 0.668981 0.088542 0.069444
0 0.416667 0.668981 0.088542 0.069444
0 0.505208 0.668981 0.088542 0.069444
0 0.592448 0.668981 0.088542 0.069444
0 0.680990 0.668981 0.088542 0.069444
0 0.768229 0.668056 0.088542 0.069444
0 0.766927 0.601389 0.088542 0.069444
0 0.678385 0.601389 0.088542 0.069444
0 0.589844 0.601389 0.088542 0.069444
0 0.502604 0.601389 0.088542 0.069444
0 0.414062 0.601389 0.088542 0.069444
0 0.325521 0.601389 0.088542 0.069444
0 0.239583 0.600463 0.088542 0.069444
0 0.240885 0.533796 0.088542 0.069444
0 0.328125 0.533796 0.088542 0.069444
0 0.416667 0.533796 0.088542 0.069444
0 0.505208 0.533796 0.088542 0.069444
0 0.592448 0.533796 0.088542 0.069444
0 0.680990 0.533796 0.088542 0.069444
0 0.768229 0.532870 0.088542 0.069444
0 0.766927 0.466204 0.088542 0.069444
0 0.678385 0.466204 0.088542 0.069444
0 0.589844 0.466204 0.088542 0.069444
0 0.502604 0.466204 0.088542 0.069444
0 0.414062 0.466204 0.088542 0.069444
0 0.325521 0.466204 0.088542 0.069444
0 0.239583 0.465278 0.088542 0.069444
0 0.240885 0.397685 0.088542 0.069444
0 0.328125 0.397685 0.088542 0.069444
0 0.416667 0.397685 0.088542 0.069444
0 0.505208 0.397685 0.088542 0.069444
0 0.592448 0.397685 0.088542 0.069444
0 0.680990 0.397685 0.088542 0.069444
0 0.768229 0.396759 0.088542 0.069444
0 0.766927 0.330093 0.088542 0.069444
0 0.678385 0.330093 0.088542 0.069444
0 0.589844 0.330093 0.088542 0.069444
0 0.502604 0.330093 0.088542 0.069444
0 0.414062 0.330093 0.088542 0.069444
0 0.325521 0.330093 0.088542 0.069444
0 0.239583 0.329167 0.088542 0.069444
0 0.240885 0.262500 0.088542 0.069444
0 0.328125 0.262500 0.088542 0.069444
0 0.416667 0.262500 0.088542 0.069444
0 0.505208 0.262500 0.088542 0.069444
0 0.592448 0.262500 0.088542 0.069444
0 0.680990 0.262500 0.088542 0.069444
0 0.768229 0.262500 0.088542 0.069444
2 0.233724 0.200000 0.092448 0.055556
2 0.322266 0.200000 0.092448 0.055556
2 0.409505 0.200000 0.092448 0.055556
2 0.498047 0.200000 0.092448 0.055556
2 0.586589 0.200000 0.092448 0.055556
2 0.673828 0.200000 0.092448 0.055556
2 0.761068 0.200000 0.092448 0.055556
3 0.395182 0.117593 0.095052 0.068519
3 0.561198 0.116667 0.091146 0.066667
