0 0.410156 0.294444 0.098958 0.074074
0 0.502604 0.293519 0.098958 0.074074
0 0.588542 0.293519 0.098958 0.074074
0 0.406901 0.365741 0.092448 0.066667
0 0.500651 0.362037 0.092448 0.066667
0 0.595703 0.364815 0.092448 0.066667
0 0.322266 0.430556 0.092448 0.066667
0 0.413411 0.431481 0.092448 0.066667
0 0.503255 0.430556 0.092448 0.066667
0 0.593099 0.430556 0.092448 0.066667
0 0.677734 0.428704 0.092448 0.066667
0 0.319661 0.500926 0.092448 0.066667
0 0.410807 0.497222 0.092448 0.066667
0 0.501953 0.495370 0.092448 0.066667
0 0.589193 0.498148 0.092448 0.066667
0 0.677734 0.497222 0.092448 0.066667
0 0.673828 0.566667 0.092448 0.066667
0 0.763672 0.565741 0.092448 0.066667
0 0.586589 0.567593 0.092448 0.066667
0 0.504557 0.565741 0.092448 0.066667
0 0.414714 0.566667 0.092448 0.066667
0 0.320964 0.566667 0.092448 0.066667
0 0.237630 0.566667 0.092448 0.066667
0 0.235026 0.636111 0.092448 0.066667
0 0.326172 0.636111 0.092448 0.066667
0 0.413411 0.636111 0.092448 0.066667
0 0.496745 0.635185 0.092448 0.066667
0 0.586589 0.637037 0.092448 0.066667
0 0.679036 0.637037 0.092448 0.066667
0 0.766276 0.636111 0.092448 0.066667
0 0.763672 0.704630 0.092448 0.066667
0 0.677734 0.701852 0.092448 0.066667
0 0.587891 0.704630 0.092448 0.066667
0 0.501953 0.703704 0.092448 0.066667
0 0.413411 0.704630 0.092448 0.066667
0 0.326172 0.701852 0.092448 0.066667
0 0.233724 0.701852 0.092448 0.066667
0 0.319661 0.770370 0.092448 0.066667
0 0.414714 0.770370 0.092448 0.066667
0 0.504557 0.769444 0.092448 0.066667
0 0.590495 0.768519 0.092448 0.066667
0 0.677734 0.770370 0.092448 0.066667
1 0.232422 0.770370 0.092448 0.066667
1 0.229818 0.500000 0.092448 0.066667
1 0.229818 0.432407 0.092448 0.066667
1 0.229818 0.364815 0.092448 0.066667
1 0.231120 0.298148 0.092448 0.066667
1 0.318359 0.299074 0.092448 0.066667
1 0.318359 0.365741 0.092448 0.066667
1 0.684245 0.290741 0.092448 0.066667
1 0.682943 0.357407 0.092448 0.066667
1 0.771484 0.291667 0.092448 0.066667
1 0.771484 0.359259 0.092448 0.066667
1 0.771484 0.427778 0.092448 0.066667
1 0.771484 0.494444 0.092448 0.066667
1 0.774089 0.771296 0.092448 0.066667
