0 0.496745 0.261111 0.102865 0.079630
0 0.496745 0.327778 0.102865 0.079630
0 0.320312 0.399074 0.088542 0.066667
0 0.320312 0.467593 0.088542 0.066667
0 0.319010 0.534259 0.088542 0.066667
0 0.231771 0.535185 0.088542 0.066667
0 0.144531 0.534259 0.088542 0.066667
0 0.233073 0.601852 0.088542 0.066667
0 0.320312 0.602778 0.088542 0.066667
0 0.319010 0.669444 0.088542 0.066667
0 0.230469 0.670370 0.088542 0.066667
0 0.143229 0.669444 0.088542 0.066667
0 0.231771 0.737037 0.088542 0.066667
0 0.317708 0.737963 0.088542 0.066667
0 0.317708 0.805556 0.088542 0.066667
0 0.229167 0.805556 0.088542 0.066667
0 0.141927 0.805556 0.088542 0.066667
0 0.404948 0.804630 0.088542 0.066667
0 0.404948 0.737037 0.088542 0.066667
0 0.404948 0.669444 0.088542 0.066667
0 0.404948 0.600926 0.088542 0.066667
0 0.404948 0.533333 0.088542 0.066667
0 0.406250 0.466667 0.088542 0.066667
0 0.493490 0.466667 0.088542 0.066667
0 0.580729 0.467593 0.088542 0.066667
0 0.579427 0.535185 0.088542 0.066667
0 0.492188 0.534259 0.088542 0.066667
0 0.579427 0.602778 0.088542 0.066667
0 0.578125 0.669444 0.088542 0.066667
0 0.492188 0.670370 0.088542 0.066667
0 0.492188 0.737963 0.088542 0.066667
0 0.493490 0.804630 0.088542 0.066667
0 0.579427 0.803704 0.088542 0.066667
0 0.580729 0.737037 0.088542 0.066667
0 0.667969 0.737963 0.088542 0.066667
0 0.669271 0.804630 0.088542 0.066667
0 0.757812 0.803704 0.088542 0.066667
0 0.843750 0.804630 0.088542 0.066667
0 0.757812 0.735185 0.088542 0.066667
0 0.757812 0.668519 0.088542 0.066667
0 0.845052 0.668519 0.088542 0.066667
0 0.670573 0.667593 0.088542 0.066667
0 0.671875 0.600000 0.088542 0.066667
0 0.759115 0.600000 0.088542 0.066667
0 0.760417 0.533333 0.088542 0.066667
0 0.846354 0.533333 0.088542 0.066667
0 0.671875 0.532407 0.088542 0.066667
0 0.671875 0.464815 0.088542 0.066667
0 0.671875 0.398148 0.088542 0.066667
2 0.492839 0.600926 0.082031 0.070370
1 0.138021 0.598611 0.085938 0.058333
1 0.140625 0.735648 0.085938 0.058333
1 0.231771 0.463426 0.085938 0.058333
1 0.144531 0.461574 0.085938 0.058333
1 0.147135 0.399537 0.085938 0.058333
1 0.227865 0.401389 0.085938 0.058333
1 0.408854 0.398611 0.085938 0.058333
1 0.497396 0.399537 0.085938 0.058333
1 0.584635 0.399537 0.085938 0.058333
1 0.763021 0.393056 0.085938 0.058333
1 0.763021 0.457870 0.085938 0.058333
1 0.846354 0.460648 0.085938 0.058333
1 0.848958 0.392130 0.085938 0.058333
1 0.848958 0.324537 0.085938 0.058333
1 0.847656 0.257870 0.085938 0.058333
1 0.760417 0.259722 0.085938 0.058333
1 0.759115 0.326389 0.085938 0.058333
1 0.673177 0.325463 0.085938 0.058333
1 0.671875 0.258796 0.085938 0.058333
1 0.584635 0.259722 0.085938 0.058333
1 0.584635 0.326389 0.085938 0.058333
1 0.408854 0.331019 0.085938 0.058333
1 0.407552 0.264352 0.085938 0.058333
1 0.320312 0.265278 0.085938 0.058333
1 0.319010 0.331944 0.085938 0.058333
1 0.231771 0.331019 0.085938 0.058333
1 0.230469 0.264352 0.085938 0.058333
1 0.144531 0.265278 0.085938 0.058333
1 0.144531 0.331944 0.085938 0.058333
3 0.470703 0.115278 0.102865 0.073148
