2 0.320312 0.247222 0.098958 0.064815
2 0.408854 0.247222 0.098958 0.064815
2 0.494792 0.246296 0.098958 0.064815
2 0.584635 0.244444 0.098958 0.064815
2 0.673177 0.248148 0.098958 0.064815
1 0.236328 0.290278 0.089844 0.067593
1 0.236328 0.357870 0.089844 0.067593
1 0.236328 0.425463 0.089844 0.067593
1 0.236328 0.493056 0.089844 0.067593
1 0.236328 0.561574 0.089844 0.067593
1 0.236328 0.629167 0.089844 0.067593
1 0.236328 0.696759 0.089844 0.067593
1 0.236328 0.763426 0.089844 0.067593
1 0.767578 0.768981 0.089844 0.067593
1 0.767578 0.701389 0.089844 0.067593
1 0.767578 0.633796 0.089844 0.067593
1 0.767578 0.565278 0.089844 0.067593
1 0.767578 0.497685 0.089844 0.067593
1 0.767578 0.430093 0.089844 0.067593
1 0.767578 0.362500 0.089844 0.067593
1 0.767578 0.295833 0.089844 0.067593
0 0.141927 0.294444 0.098958 0.074074
0 0.141927 0.362037 0.098958 0.074074
0 0.141927 0.430556 0.098958 0.074074
0 0.141927 0.498148 0.098958 0.074074
0 0.141927 0.565741 0.098958 0.074074
0 0.141927 0.633333 0.098958 0.074074
0 0.141927 0.701852 0.098958 0.074074
0 0.141927 0.768519 0.098958 0.074074
0 0.850260 0.767593 0.098958 0.074074
0 0.850260 0.700000 0.098958 0.074074
0 0.850260 0.631481 0.098958 0.074074
0 0.850260 0.563889 0.098958 0.074074
0 0.850260 0.496296 0.098958 0.074074
0 0.850260 0.428704 0.098958 0.074074
0 0.850260 0.361111 0.098958 0.074074
0 0.850260 0.293519 0.098958 0.074074
0 0.671875 0.299074 0.098958 0.074074
0 0.671875 0.366667 0.098958 0.074074
0 0.671875 0.434259 0.098958 0.074074
0 0.671875 0.501852 0.098958 0.074074
0 0.671875 0.569444 0.098958 0.074074
0 0.671875 0.637963 0.098958 0.074074
0 0.671875 0.705556 0.098958 0.074074
0 0.670573 0.772222 0.098958 0.074074
0 0.583333 0.771296 0.098958 0.074074
0 0.583333 0.703704 0.098958 0.074074
0 0.583333 0.636111 0.098958 0.074074
0 0.583333 0.567593 0.098958 0.074074
0 0.583333 0.500000 0.098958 0.074074
0 0.583333 0.432407 0.098958 0.074074
0 0.583333 0.364815 0.098958 0.074074
0 0.580729 0.298148 0.098958 0.074074
0 0.493490 0.299074 0.098958 0.074074
0 0.493490 0.366667 0.098958 0.074074
0 0.493490 0.434259 0.098958 0.074074
0 0.493490 0.501852 0.098958 0.074074
0 0.493490 0.569444 0.098958 0.074074
0 0.493490 0.637963 0.098958 0.074074
0 0.493490 0.705556 0.098958 0.074074
0 0.492188 0.772222 0.098958 0.074074
0 0.406250 0.771296 0.098958 0.074074
0 0.406250 0.703704 0.098958 0.074074
0 0.406250 0.636111 0.098958 0.074074
0 0.406250 0.567593 0.098958 0.074074
0 0.406250 0.500000 0.098958 0.074074
0 0.406250 0.431481 0.098958 0.074074
0 0.406250 0.363889 0.098958 0.074074
0 0.404948 0.297222 0.098958 0.074074
0 0.317708 0.298148 0.098958 0.074074
0 0.317708 0.365741 0.098958 0.074074
0 0.317708 0.433333 0.098958 0.074074
0 0.317708 0.500926 0.098958 0.074074
0 0.317708 0.568519 0.098958 0.074074
0 0.317708 0.637037 0.098958 0.074074
0 0.317708 0.704630 0.098958 0.074074
0 0.317708 0.771296 0.098958 0.074074
3 0.468750 0.117130 0.101562 0.073148
