1 0.144531 0.775000 0.088542 0.070370
1 0.231771 0.775000 0.088542 0.070370
1 0.768229 0.775926 0.088542 0.070370
1 0.854167 0.775926 0.088542 0.070370
1 0.846354 0.355556 0.088542 0.070370
1 0.846354 0.287963 0.088542 0.070370
1 0.138021 0.287963 0.088542 0.070370
1 0.138021 0.354630 0.088542 0.070370
0 0.233073 0.290741 0.083333 0.074074
0 0.321615 0.290741 0.083333 0.074074
0 0.410156 0.290741 0.083333 0.074074
0 0.497396 0.290741 0.083333 0.074074
0 0.585938 0.290741 0.083333 0.074074
0 0.674479 0.290741 0.083333 0.074074
0 0.760417 0.291667 0.083333 0.074074
0 0.759115 0.359259 0.083333 0.074074
0 0.671875 0.359259 0.083333 0.074074
0 0.583333 0.359259 0.083333 0.074074
0 0.494792 0.359259 0.083333 0.074074
0 0.407552 0.359259 0.083333 0.074074
0 0.319010 0.359259 0.083333 0.074074
0 0.231771 0.359259 0.083333 0.074074
0 0.321615 0.772222 0.083333 0.074074
0 0.410156 0.772222 0.083333 0.074074
0 0.497396 0.772222 0.083333 0.074074
0 0.585938 0.772222 0.083333 0.074074
0 0.673177 0.772222 0.083333 0.074074
0 0.856771 0.706481 0.083333 0.074074
0 0.856771 0.637963 0.083333 0.074074
0 0.856771 0.570370 0.083333 0.074074
0 0.856771 0.502778 0.083333 0.074074
0 0.856771 0.436111 0.083333 0.074074
0 0.145833 0.426852 0.083333 0.074074
0 0.145833 0.495370 0.083333 0.074074
0 0.145833 0.562963 0.083333 0.074074
0 0.145833 0.630556 0.083333 0.074074
0 0.147135 0.697222 0.083333 0.074074
0 0.235677 0.697222 0.083333 0.074074
0 0.322917 0.697222 0.083333 0.074074
0 0.411458 0.697222 0.083333 0.074074
0 0.500000 0.697222 0.083333 0.074074
0 0.587240 0.697222 0.083333 0.074074
0 0.675781 0.697222 0.083333 0.074074
0 0.763021 0.696296 0.083333 0.074074
0 0.761719 0.629630 0.083333 0.074074
0 0.673177 0.629630 0.083333 0.074074
0 0.584635 0.629630 0.083333 0.074074
0 0.497396 0.629630 0.083333 0.074074
0 0.408854 0.629630 0.083333 0.074074
0 0.320312 0.629630 0.083333 0.074074
0 0.234375 0.628704 0.083333 0.074074
0 0.235677 0.562037 0.083333 0.074074
0 0.322917 0.562037 0.083333 0.074074
0 0.411458 0.562037 0.083333 0.074074
0 0.500000 0.562037 0.083333 0.074074
0 0.587240 0.562037 0.083333 0.074074
0 0.675781 0.562037 0.083333 0.074074
0 0.763021 0.561111 0.083333 0.074074
0 0.761719 0.494444 0.083333 0.074074
0 0.673177 0.494444 0.083333 0.074074
0 0.584635 0.494444 0.083333 0.074074
0 0.497396 0.494444 0.083333 0.074074
0 0.408854 0.494444 0.083333 0.074074
0 0.320312 0.494444 0.083333 0.074074
0 0.234375 0.493519 0.083333 0.074074
0 0.235677 0.425926 0.083333 0.074074
0 0.322917 0.425926 0.083333 0.074074
0 0.411458 0.425926 0.083333 0.074074
0 0.500000 0.425926 0.083333 0.074074
0 0.587240 0.425926 0.083333 0.074074
0 0.675781 0.425926 0.083333 0.074074
0 0.763021 0.425926 0.083333 0.074074
3 0.393880 0.115278 0.089844 0.065741
3 0.563802 0.118056 0.093750 0.067593
