0 0.465104 0.260648 0.037500 0.073148
0 0.498437 0.260648 0.037500 0.073148
0 0.532292 0.259722 0.037500 0.073148
0 0.532292 0.329167 0.037500 0.073148
0 0.568750 0.330093 0.037500 0.073148
0 0.499479 0.326389 0.037500 0.073148
0 0.464062 0.323611 0.037500 0.073148
0 0.430208 0.328241 0.037500 0.073148
0 0.430208 0.392130 0.037500 0.073148
0 0.390625 0.401389 0.037500 0.073148
0 0.464583 0.395833 0.037500 0.073148
0 0.498958 0.399537 0.037500 0.073148
0 0.536458 0.396759 0.037500 0.073148
0 0.571875 0.401389 0.037500 0.073148
0 0.609896 0.400463 0.037500 0.073148
0 0.605208 0.469907 0.037500 0.073148
0 0.640104 0.465278 0.037500 0.073148
0 0.569792 0.465278 0.037500 0.073148
0 0.534375 0.465278 0.037500 0.073148
0 0.498958 0.466204 0.037500 0.073148
0 0.466667 0.467130 0.037500 0.073148
0 0.432292 0.466204 0.037500 0.073148
0 0.396875 0.468056 0.037500 0.073148
0 0.356250 0.464352 0.037500 0.073148
0 0.356771 0.532870 0.037500 0.073148
0 0.391146 0.534722 0.037500 0.073148
0 0.429167 0.536574 0.037500 0.073148
0 0.465625 0.537500 0.037500 0.073148
0 0.498437 0.539352 0.037500 0.073148
0 0.534896 0.534722 0.037500 0.073148
0 0.571354 0.538426 0.037500 0.073148
0 0.604167 0.534722 0.037500 0.073148
0 0.639583 0.539352 0.037500 0.073148
0 0.640104 0.604167 0.037500 0.073148
0 0.601042 0.606944 0.037500 0.073148
0 0.572396 0.604167 0.037500 0.073148
0 0.534896 0.601389 0.037500 0.073148
0 0.502604 0.602315 0.037500 0.073148
0 0.465625 0.603241 0.037500 0.073148
0 0.428125 0.605093 0.037500 0.073148
0 0.396354 0.603241 0.037500 0.073148
0 0.357292 0.603241 0.037500 0.073148
0 0.393750 0.669907 0.037500 0.073148
0 0.431250 0.669907 0.037500 0.073148
0 0.461979 0.671759 0.037500 0.073148
0 0.497917 0.670833 0.037500 0.073148
0 0.532813 0.669907 0.037500 0.073148
0 0.570833 0.671759 0.037500 0.073148
0 0.605729 0.673611 0.037500 0.073148
0 0.565104 0.734722 0.037500 0.073148
0 0.533333 0.742130 0.037500 0.073148
0 0.499479 0.738426 0.037500 0.073148
0 0.463021 0.740278 0.037500 0.073148
0 0.424479 0.740278 0.037500 0.073148
0 0.461458 0.812500 0.037500 0.073148
0 0.499479 0.808796 0.037500 0.073148
0 0.534375 0.809722 0.037500 0.073148
