2 0.412760 0.210648 0.088542 0.060185
2 0.505208 0.214352 0.088542 0.060185
2 0.589844 0.214352 0.088542 0.060185
1 0.143880 0.256019 0.084635 0.069444
1 0.145182 0.665278 0.084635 0.069444
1 0.139974 0.733796 0.084635 0.069444
1 0.145182 0.799537 0.084635 0.069444
1 0.231120 0.804167 0.084635 0.069444
1 0.410807 0.609722 0.084635 0.069444
1 0.406901 0.536574 0.084635 0.069444
1 0.409505 0.467130 0.084635 0.069444
1 0.583984 0.465278 0.084635 0.069444
1 0.583984 0.531019 0.084635 0.069444
1 0.586589 0.594907 0.084635 0.069444
1 0.762370 0.800463 0.084635 0.069444
1 0.841797 0.800463 0.084635 0.069444
1 0.854818 0.734722 0.084635 0.069444
1 0.857422 0.668981 0.084635 0.069444
1 0.845703 0.257870 0.084635 0.069444
0 0.235026 0.258333 0.082031 0.074074
0 0.323568 0.258333 0.082031 0.074074
0 0.410807 0.258333 0.082031 0.074074
0 0.499349 0.258333 0.082031 0.074074
0 0.587891 0.258333 0.082031 0.074074
0 0.675130 0.258333 0.082031 0.074074
0 0.762370 0.259259 0.082031 0.074074
0 0.763672 0.326852 0.082031 0.074074
0 0.762370 0.394444 0.082031 0.074074
0 0.762370 0.462037 0.082031 0.074074
0 0.762370 0.530556 0.082031 0.074074
0 0.762370 0.598148 0.082031 0.074074
0 0.762370 0.665741 0.082031 0.074074
0 0.761068 0.732407 0.082031 0.074074
0 0.672526 0.732407 0.082031 0.074074
0 0.585286 0.732407 0.082031 0.074074
0 0.496745 0.732407 0.082031 0.074074
0 0.408203 0.732407 0.082031 0.074074
0 0.320964 0.733333 0.082031 0.074074
0 0.233724 0.731481 0.082031 0.074074
0 0.235026 0.663889 0.082031 0.074074
0 0.233724 0.596296 0.082031 0.074074
0 0.233724 0.528704 0.082031 0.074074
0 0.233724 0.460185 0.082031 0.074074
0 0.233724 0.392593 0.082031 0.074074
0 0.233724 0.325000 0.082031 0.074074
0 0.233724 0.258333 0.082031 0.074074
0 0.145182 0.326852 0.082031 0.074074
0 0.145182 0.394444 0.082031 0.074074
0 0.145182 0.462037 0.082031 0.074074
0 0.145182 0.530556 0.082031 0.074074
0 0.145182 0.597222 0.082031 0.074074
0 0.322266 0.800926 0.082031 0.074074
0 0.410807 0.800926 0.082031 0.074074
0 0.499349 0.800926 0.082031 0.074074
0 0.586589 0.800926 0.082031 0.074074
0 0.673828 0.800926 0.082031 0.074074
0 0.323568 0.663889 0.082031 0.074074
0 0.412109 0.663889 0.082031 0.074074
0 0.499349 0.662963 0.082031 0.074074
0 0.587891 0.663889 0.082031 0.074074
0 0.675130 0.662963 0.082031 0.074074
0 0.499349 0.595370 0.082031 0.074074
0 0.499349 0.527778 0.082031 0.074074
0 0.499349 0.459259 0.082031 0.074074
0 0.498047 0.391667 0.082031 0.074074
0 0.499349 0.325000 0.082031 0.074074
0 0.850911 0.327778 0.082031 0.074074
0 0.850911 0.396296 0.082031 0.074074
0 0.850911 0.463889 0.082031 0.074074
0 0.850911 0.531481 0.082031 0.074074
0 0.850911 0.598148 0.082031 0.074074
0 0.675130 0.594444 0.082031 0.074074
0 0.675130 0.526852 0.082031 0.074074
0 0.675130 0.459259 0.082031 0.074074
0 0.675130 0.391667 0.082031 0.074074
0 0.673828 0.325000 0.082031 0.074074
0 0.587891 0.325926 0.082031 0.074074
0 0.587891 0.392593 0.082031 0.074074
0 0.410807 0.325926 0.082031 0.074074
0 0.412109 0.392593 0.082031 0.074074
0 0.324870 0.326852 0.082031 0.074074
0 0.324870 0.396296 0.082031 0.074074
0 0.324870 0.463889 0.082031 0.074074
0 0.324870 0.531481 0.082031 0.074074
0 0.324870 0.598148 0.082031 0.074074
