1 0.494141 0.290741 0.087240 0.070370
0 0.147786 0.294907 0.092448 0.073148
0 0.146484 0.361574 0.092448 0.073148
0 0.236328 0.294907 0.092448 0.073148
0 0.323568 0.294907 0.092448 0.073148
0 0.416016 0.297685 0.092448 0.073148
0 0.580078 0.289352 0.092448 0.073148
0 0.671224 0.292130 0.092448 0.073148
0 0.762370 0.293056 0.092448 0.073148
0 0.849609 0.293056 0.092448 0.073148
0 0.235026 0.361574 0.092448 0.073148
0 0.323568 0.361574 0.092448 0.073148
0 0.410807 0.361574 0.092448 0.073148
0 0.499349 0.361574 0.092448 0.073148
0 0.587891 0.361574 0.092448 0.073148
0 0.675130 0.361574 0.092448 0.073148
0 0.763672 0.361574 0.092448 0.073148
0 0.850911 0.362500 0.092448 0.073148
0 0.849609 0.429167 0.092448 0.073148
0 0.761068 0.429167 0.092448 0.073148
0 0.672526 0.429167 0.092448 0.073148
0 0.585286 0.429167 0.092448 0.073148
0 0.496745 0.429167 0.092448 0.073148
0 0.408203 0.429167 0.092448 0.073148
0 0.320964 0.429167 0.092448 0.073148
0 0.232422 0.429167 0.092448 0.073148
0 0.145182 0.430093 0.092448 0.073148
0 0.146484 0.497685 0.092448 0.073148
0 0.235026 0.497685 0.092448 0.073148
0 0.323568 0.497685 0.092448 0.073148
0 0.410807 0.497685 0.092448 0.073148
0 0.499349 0.497685 0.092448 0.073148
0 0.587891 0.497685 0.092448 0.073148
0 0.675130 0.497685 0.092448 0.073148
0 0.763672 0.497685 0.092448 0.073148
0 0.850911 0.498611 0.092448 0.073148
0 0.849609 0.565278 0.092448 0.073148
0 0.759766 0.565278 0.092448 0.073148
0 0.671224 0.565278 0.092448 0.073148
0 0.583984 0.565278 0.092448 0.073148
0 0.495443 0.565278 0.092448 0.073148
0 0.406901 0.565278 0.092448 0.073148
0 0.319661 0.565278 0.092448 0.073148
0 0.231120 0.565278 0.092448 0.073148
0 0.143880 0.566204 0.092448 0.073148
0 0.145182 0.632870 0.092448 0.073148
0 0.233724 0.632870 0.092448 0.073148
0 0.322266 0.632870 0.092448 0.073148
0 0.409505 0.632870 0.092448 0.073148
0 0.498047 0.632870 0.092448 0.073148
0 0.586589 0.632870 0.092448 0.073148
0 0.673828 0.632870 0.092448 0.073148
0 0.762370 0.632870 0.092448 0.073148
0 0.849609 0.633796 0.092448 0.073148
0 0.848307 0.700463 0.092448 0.073148
0 0.759766 0.700463 0.092448 0.073148
0 0.671224 0.700463 0.092448 0.073148
0 0.582682 0.700463 0.092448 0.073148
0 0.495443 0.700463 0.092448 0.073148
0 0.406901 0.700463 0.092448 0.073148
0 0.318359 0.700463 0.092448 0.073148
0 0.231120 0.700463 0.092448 0.073148
0 0.143880 0.701389 0.092448 0.073148
0 0.145182 0.768056 0.092448 0.073148
0 0.233724 0.768056 0.092448 0.073148
0 0.320964 0.768056 0.092448 0.073148
0 0.409505 0.768056 0.092448 0.073148
0 0.498047 0.768056 0.092448 0.073148
0 0.585286 0.768056 0.092448 0.073148
0 0.673828 0.768056 0.092448 0.073148
0 0.762370 0.768056 0.092448 0.073148
0 0.848307 0.768056 0.092448 0.073148
3 0.470703 0.118519 0.100260 0.075926
