0 0.149740 0.261111 0.096354 0.074074
0 0.148438 0.327778 0.096354 0.074074
0 0.848958 0.262500 0.101562 0.076852
0 0.848958 0.327315 0.101562 0.076852
0 0.145182 0.738426 0.100260 0.071296
0 0.145182 0.806019 0.100260 0.071296
0 0.849609 0.736111 0.097656 0.070370
0 0.849609 0.802778 0.097656 0.070370
0 0.500000 0.328241 0.085938 0.063889
0 0.500000 0.395833 0.085938 0.063889
0 0.500000 0.463426 0.085938 0.063889
0 0.410156 0.463426 0.085938 0.063889
0 0.322917 0.462500 0.085938 0.063889
0 0.322917 0.394907 0.085938 0.063889
0 0.588542 0.463426 0.085938 0.063889
0 0.677083 0.462500 0.085938 0.063889
0 0.675781 0.395833 0.085938 0.063889
0 0.763021 0.463426 0.085938 0.063889
0 0.761719 0.530093 0.085938 0.063889
0 0.674479 0.530093 0.085938 0.063889
0 0.585938 0.530093 0.085938 0.063889
0 0.496094 0.530093 0.085938 0.063889
0 0.408854 0.530093 0.085938 0.063889
0 0.320312 0.531019 0.085938 0.063889
0 0.233073 0.529167 0.085938 0.063889
0 0.233073 0.462500 0.085938 0.063889
0 0.320312 0.598611 0.085938 0.063889
0 0.321615 0.665278 0.085938 0.063889
0 0.408854 0.664352 0.085938 0.063889
0 0.410156 0.597685 0.085938 0.063889
0 0.496094 0.598611 0.085938 0.063889
0 0.497396 0.665278 0.085938 0.063889
0 0.584635 0.664352 0.085938 0.063889
0 0.585938 0.597685 0.085938 0.063889
0 0.673177 0.598611 0.085938 0.063889
0 0.673177 0.665278 0.085938 0.063889
1 0.238281 0.261111 0.096354 0.074074
1 0.326823 0.261111 0.096354 0.074074
1 0.414062 0.261111 0.096354 0.074074
1 0.501302 0.261111 0.096354 0.074074
1 0.587240 0.396759 0.085938 0.063889
1 0.587240 0.329167 0.085938 0.063889
1 0.595052 0.258796 0.085938 0.063889
1 0.683594 0.258796 0.085938 0.063889
1 0.770833 0.259722 0.085938 0.063889
1 0.769531 0.328241 0.085938 0.063889
1 0.682292 0.326389 0.085938 0.063889
1 0.770833 0.394907 0.085938 0.063889
1 0.856771 0.395833 0.085938 0.063889
1 0.856771 0.464352 0.085938 0.063889
1 0.856771 0.531944 0.085938 0.063889
1 0.855469 0.598611 0.085938 0.063889
1 0.769531 0.599537 0.085938 0.063889
1 0.770833 0.667130 0.085938 0.063889
1 0.856771 0.666204 0.085938 0.063889
1 0.770833 0.734722 0.085938 0.063889
1 0.769531 0.801389 0.085938 0.063889
1 0.683594 0.800463 0.085938 0.063889
1 0.682292 0.733796 0.085938 0.063889
1 0.594401 0.734722 0.087240 0.063889
1 0.593099 0.801389 0.087240 0.063889
1 0.505859 0.800463 0.087240 0.063889
1 0.504557 0.733796 0.087240 0.063889
1 0.418620 0.734722 0.087240 0.063889
1 0.417318 0.801389 0.087240 0.063889
1 0.328776 0.801389 0.087240 0.063889
1 0.241536 0.800463 0.087240 0.063889
1 0.242839 0.732870 0.087240 0.063889
1 0.330078 0.733796 0.087240 0.063889
1 0.242839 0.665278 0.087240 0.063889
1 0.241536 0.597685 0.087240 0.063889
1 0.154297 0.597685 0.087240 0.063889
1 0.154297 0.666204 0.087240 0.063889
1 0.154297 0.530093 0.087240 0.063889
1 0.154297 0.462500 0.087240 0.063889
1 0.155599 0.394907 0.087240 0.063889
1 0.242839 0.393981 0.087240 0.063889
1 0.244141 0.327315 0.087240 0.063889
1 0.332682 0.327315 0.087240 0.063889
1 0.418620 0.328241 0.087240 0.063889
1 0.418620 0.394907 0.087240 0.063889
