0 0.194661 0.258333 0.097656 0.070370
0 0.283203 0.258333 0.097656 0.070370
0 0.370443 0.258333 0.097656 0.070370
0 0.458984 0.258333 0.097656 0.070370
0 0.547526 0.258333 0.097656 0.070370
0 0.634766 0.258333 0.097656 0.070370
0 0.723307 0.258333 0.097656 0.070370
0 0.810547 0.258333 0.097656 0.070370
0 0.188151 0.331944 0.097656 0.067593
0 0.275391 0.331944 0.097656 0.067593
0 0.363932 0.331944 0.097656 0.067593
0 0.452474 0.331944 0.097656 0.067593
0 0.539714 0.331944 0.097656 0.067593
0 0.628255 0.331944 0.097656 0.067593
0 0.716797 0.331944 0.097656 0.067593
0 0.802734 0.332870 0.097656 0.067593
0 0.801432 0.400463 0.097656 0.067593
0 0.714193 0.400463 0.097656 0.067593
0 0.625651 0.400463 0.097656 0.067593
0 0.537109 0.400463 0.097656 0.067593
0 0.449870 0.400463 0.097656 0.067593
0 0.361328 0.400463 0.097656 0.067593
0 0.272786 0.400463 0.097656 0.067593
0 0.186849 0.400463 0.097656 0.067593
0 0.190755 0.468981 0.097656 0.067593
0 0.279297 0.468981 0.097656 0.067593
0 0.366536 0.468981 0.097656 0.067593
0 0.455078 0.468981 0.097656 0.067593
0 0.543620 0.468981 0.097656 0.067593
0 0.630859 0.468981 0.097656 0.067593
0 0.719401 0.468981 0.097656 0.067593
0 0.806641 0.469907 0.097656 0.067593
0 0.805339 0.537500 0.097656 0.067593
0 0.716797 0.537500 0.097656 0.067593
0 0.629557 0.538426 0.097656 0.067593
0 0.630859 0.605093 0.097656 0.067593
0 0.719401 0.605093 0.097656 0.067593
0 0.806641 0.606019 0.097656 0.067593
0 0.805339 0.672685 0.097656 0.067593
0 0.716797 0.672685 0.097656 0.067593
0 0.629557 0.673611 0.097656 0.067593
0 0.630859 0.740278 0.097656 0.067593
0 0.719401 0.740278 0.097656 0.067593
0 0.806641 0.741204 0.097656 0.067593
0 0.805339 0.808796 0.097656 0.067593
0 0.716797 0.808796 0.097656 0.067593
0 0.628255 0.808796 0.097656 0.067593
0 0.541016 0.808796 0.097656 0.067593
0 0.452474 0.808796 0.097656 0.067593
0 0.363932 0.808796 0.097656 0.067593
0 0.276693 0.808796 0.097656 0.067593
0 0.189453 0.807870 0.097656 0.067593
0 0.190755 0.740278 0.097656 0.067593
0 0.280599 0.740278 0.097656 0.067593
0 0.366536 0.739352 0.097656 0.067593
0 0.365234 0.672685 0.097656 0.067593
0 0.277995 0.672685 0.097656 0.067593
0 0.190755 0.671759 0.097656 0.067593
0 0.190755 0.604167 0.097656 0.067593
0 0.192057 0.537500 0.097656 0.067593
0 0.279297 0.538426 0.097656 0.067593
0 0.280599 0.605093 0.097656 0.067593
0 0.367839 0.604167 0.097656 0.067593
0 0.366536 0.537500 0.097656 0.067593
0 0.456380 0.604167 0.097656 0.067593
0 0.543620 0.605093 0.097656 0.067593
0 0.542318 0.671759 0.097656 0.067593
0 0.455078 0.671759 0.097656 0.067593
2 0.456380 0.535648 0.084635 0.069444
2 0.542318 0.535648 0.084635 0.069444
2 0.453776 0.204167 0.084635 0.069444
2 0.543620 0.206944 0.084635 0.069444
2 0.455078 0.739352 0.084635 0.069444
2 0.542318 0.741204 0.084635 0.069444
