0 0.151042 0.769907 0.088542 0.067593
0 0.239583 0.769907 0.088542 0.067593
0 0.326823 0.769907 0.088542 0.067593
0 0.415365 0.769907 0.088542 0.067593
0 0.503906 0.769907 0.088542 0.067593
0 0.591146 0.769907 0.088542 0.067593
0 0.679688 0.769907 0.088542 0.067593
0 0.768229 0.768981 0.088542 0.067593
0 0.854167 0.769907 0.088542 0.067593
0 0.766927 0.702315 0.088542 0.067593
0 0.678385 0.702315 0.088542 0.067593
0 0.589844 0.702315 0.088542 0.067593
0 0.502604 0.702315 0.088542 0.067593
0 0.414062 0.702315 0.088542 0.067593
0 0.325521 0.702315 0.088542 0.067593
0 0.239583 0.701389 0.088542 0.067593
0 0.239583 0.634722 0.088542 0.067593
0 0.151042 0.634722 0.088542 0.067593
0 0.326823 0.634722 0.088542 0.067593
0 0.415365 0.634722 0.088542 0.067593
0 0.503906 0.634722 0.088542 0.067593
0 0.591146 0.634722 0.088542 0.067593
0 0.679688 0.634722 0.088542 0.067593
0 0.768229 0.633796 0.088542 0.067593
0 0.854167 0.634722 0.088542 0.067593
0 0.766927 0.566204 0.088542 0.067593
0 0.679688 0.566204 0.088542 0.067593
0 0.591146 0.566204 0.088542 0.067593
0 0.502604 0.566204 0.088542 0.067593
0 0.414062 0.566204 0.088542 0.067593
0 0.325521 0.566204 0.088542 0.067593
0 0.238281 0.565278 0.088542 0.067593
0 0.238281 0.498611 0.088542 0.067593
0 0.151042 0.498611 0.088542 0.067593
0 0.325521 0.498611 0.088542 0.067593
0 0.414062 0.498611 0.088542 0.067593
0 0.502604 0.498611 0.088542 0.067593
0 0.589844 0.498611 0.088542 0.067593
0 0.678385 0.498611 0.088542 0.067593
0 0.766927 0.497685 0.088542 0.067593
0 0.852865 0.498611 0.088542 0.067593
0 0.765625 0.431019 0.088542 0.067593
0 0.678385 0.431019 0.088542 0.067593
0 0.589844 0.431019 0.088542 0.067593
0 0.501302 0.431019 0.088542 0.067593
0 0.414062 0.431019 0.088542 0.067593
0 0.325521 0.431019 0.088542 0.067593
0 0.238281 0.430093 0.088542 0.067593
0 0.238281 0.363426 0.088542 0.067593
0 0.151042 0.363426 0.088542 0.067593
0 0.326823 0.363426 0.088542 0.067593
0 0.415365 0.363426 0.088542 0.067593
0 0.502604 0.363426 0.088542 0.067593
0 0.591146 0.363426 0.088542 0.067593
0 0.679688 0.362500 0.088542 0.067593
0 0.766927 0.363426 0.088542 0.067593
0 0.854167 0.363426 0.088542 0.067593
0 0.678385 0.294907 0.088542 0.067593
0 0.589844 0.294907 0.088542 0.067593
0 0.501302 0.294907 0.088542 0.067593
0 0.414062 0.294907 0.088542 0.067593
0 0.326823 0.294907 0.088542 0.067593
2 0.326172 0.231481 0.097656 0.055556
2 0.414714 0.231481 0.097656 0.055556
2 0.501953 0.231481 0.097656 0.055556
2 0.590495 0.231481 0.097656 0.055556
2 0.677734 0.231481 0.097656 0.055556
1 0.231771 0.293981 0.085938 0.062037
1 0.144531 0.293981 0.085938 0.062037
1 0.143229 0.429167 0.085938 0.062037
1 0.144531 0.565278 0.085938 0.062037
1 0.143229 0.704167 0.085938 0.062037
1 0.855469 0.697685 0.085938 0.062037
1 0.855469 0.570833 0.085938 0.062037
1 0.860677 0.434722 0.085938 0.062037
1 0.854167 0.292130 0.085938 0.062037
1 0.769531 0.293981 0.085938 0.062037
