0 0.322917 0.261574 0.098958 0.075000
0 0.322917 0.329167 0.098958 0.075000
0 0.322917 0.396759 0.098958 0.075000
0 0.322917 0.465278 0.098958 0.075000
0 0.322917 0.532870 0.098958 0.075000
0 0.322917 0.600463 0.098958 0.075000
0 0.322917 0.668056 0.098958 0.075000
0 0.322917 0.736574 0.098958 0.075000
0 0.235677 0.734722 0.098958 0.075000
0 0.235677 0.666204 0.098958 0.075000
0 0.235677 0.597685 0.098958 0.075000
0 0.235677 0.530093 0.098958 0.075000
0 0.235677 0.462500 0.098958 0.075000
0 0.235677 0.394907 0.098958 0.075000
0 0.322917 0.803241 0.098958 0.075000
0 0.411458 0.803241 0.098958 0.075000
0 0.500000 0.803241 0.098958 0.075000
0 0.587240 0.803241 0.098958 0.075000
0 0.674479 0.803241 0.098958 0.075000
0 0.411458 0.735648 0.098958 0.075000
0 0.410156 0.668056 0.098958 0.075000
0 0.410156 0.600463 0.098958 0.075000
0 0.410156 0.532870 0.098958 0.075000
0 0.410156 0.464352 0.098958 0.075000
0 0.410156 0.397685 0.098958 0.075000
0 0.500000 0.734722 0.098958 0.075000
0 0.498698 0.667130 0.098958 0.075000
0 0.498698 0.598611 0.098958 0.075000
0 0.498698 0.531019 0.098958 0.075000
0 0.498698 0.463426 0.098958 0.075000
0 0.498698 0.395833 0.098958 0.075000
0 0.498698 0.327315 0.098958 0.075000
0 0.498698 0.260648 0.098958 0.075000
0 0.588542 0.733796 0.098958 0.075000
0 0.587240 0.666204 0.098958 0.075000
0 0.587240 0.598611 0.098958 0.075000
0 0.587240 0.531019 0.098958 0.075000
0 0.587240 0.462500 0.098958 0.075000
0 0.587240 0.395833 0.098958 0.075000
0 0.677083 0.733796 0.098958 0.075000
0 0.763021 0.732870 0.098958 0.075000
0 0.761719 0.666204 0.098958 0.075000
0 0.675781 0.665278 0.098958 0.075000
0 0.677083 0.597685 0.098958 0.075000
0 0.763021 0.596759 0.098958 0.075000
0 0.761719 0.530093 0.098958 0.075000
0 0.675781 0.529167 0.098958 0.075000
0 0.677083 0.462500 0.098958 0.075000
0 0.763021 0.461574 0.098958 0.075000
0 0.761719 0.394907 0.098958 0.075000
0 0.675781 0.393981 0.098958 0.075000
0 0.675781 0.325463 0.098958 0.075000
0 0.675781 0.258796 0.098958 0.075000
1 0.227214 0.812037 0.089844 0.068519
1 0.231120 0.327778 0.089844 0.068519
1 0.227214 0.255556 0.089844 0.068519
1 0.417318 0.257407 0.089844 0.068519
1 0.405599 0.334259 0.089844 0.068519
1 0.587891 0.255556 0.089844 0.068519
1 0.589193 0.324074 0.089844 0.068519
1 0.772786 0.256481 0.089844 0.068519
1 0.770182 0.323148 0.089844 0.068519
1 0.775391 0.806481 0.089844 0.068519
3 0.391927 0.107870 0.075521 0.056481
3 0.498047 0.106944 0.100260 0.058333
3 0.603516 0.107407 0.087240 0.057407
