0 0.393750 0.293056 0.039583 0.073148
0 0.430729 0.288426 0.039583 0.073148
0 0.462500 0.292130 0.039583 0.073148
0 0.497917 0.293981 0.039583 0.073148
0 0.536458 0.293056 0.039583 0.073148
0 0.571354 0.295833 0.039583 0.073148
0 0.604688 0.296759 0.039583 0.073148
0 0.606771 0.362500 0.039583 0.073148
0 0.571875 0.366204 0.039583 0.073148
0 0.533854 0.364352 0.039583 0.073148
0 0.500521 0.363426 0.039583 0.073148
0 0.462500 0.359722 0.039583 0.073148
0 0.429688 0.360648 0.039583 0.073148
0 0.393750 0.365278 0.039583 0.073148
0 0.392708 0.430093 0.039583 0.073148
0 0.427604 0.433796 0.039583 0.073148
0 0.461979 0.431944 0.039583 0.073148
0 0.496875 0.431019 0.039583 0.073148
0 0.532292 0.431019 0.039583 0.073148
0 0.570312 0.433796 0.039583 0.073148
0 0.606771 0.431944 0.039583 0.073148
0 0.605729 0.502315 0.039583 0.073148
0 0.639062 0.499537 0.039583 0.073148
0 0.571354 0.499537 0.039583 0.073148
0 0.535417 0.496759 0.039583 0.073148
0 0.500521 0.496759 0.039583 0.073148
0 0.464062 0.500463 0.039583 0.073148
0 0.431250 0.499537 0.039583 0.073148
0 0.393750 0.493981 0.039583 0.073148
0 0.359375 0.497685 0.039583 0.073148
0 0.357812 0.568056 0.039583 0.073148
0 0.394271 0.566204 0.039583 0.073148
0 0.428125 0.572685 0.039583 0.073148
0 0.465625 0.565278 0.039583 0.073148
0 0.497396 0.563426 0.039583 0.073148
0 0.534375 0.565278 0.039583 0.073148
0 0.570833 0.563426 0.039583 0.073148
0 0.604688 0.565278 0.039583 0.073148
0 0.639583 0.565278 0.039583 0.073148
0 0.640104 0.632870 0.039583 0.073148
0 0.606250 0.635648 0.039583 0.073148
0 0.570833 0.637500 0.039583 0.073148
0 0.535417 0.634722 0.039583 0.073148
0 0.497917 0.634722 0.039583 0.073148
0 0.466667 0.635648 0.039583 0.073148
0 0.429167 0.633796 0.039583 0.073148
0 0.396354 0.635648 0.039583 0.073148
0 0.359896 0.635648 0.039583 0.073148
0 0.359375 0.707870 0.039583 0.073148
0 0.392708 0.703241 0.039583 0.073148
0 0.427604 0.704167 0.039583 0.073148
0 0.466667 0.705093 0.039583 0.073148
0 0.497917 0.704167 0.039583 0.073148
0 0.533854 0.704167 0.039583 0.073148
0 0.570833 0.705093 0.039583 0.073148
0 0.607292 0.702315 0.039583 0.073148
0 0.641667 0.701389 0.039583 0.073148
0 0.641146 0.770833 0.039583 0.073148
0 0.606771 0.769907 0.039583 0.073148
0 0.570312 0.770833 0.039583 0.073148
0 0.534896 0.769907 0.039583 0.073148
0 0.500000 0.774537 0.039583 0.073148
0 0.467708 0.774537 0.039583 0.073148
0 0.430729 0.769907 0.039583 0.073148
0 0.393750 0.771759 0.039583 0.073148
0 0.358333 0.771759 0.039583 0.073148
