0 0.464844 0.260648 0.040104 0.069444
0 0.499219 0.262500 0.040104 0.069444
0 0.537240 0.262500 0.040104 0.069444
0 0.535677 0.328241 0.040104 0.069444
0 0.567969 0.328241 0.040104 0.069444
0 0.497135 0.324537 0.040104 0.069444
0 0.464844 0.328241 0.040104 0.069444
0 0.427344 0.328241 0.040104 0.069444
0 0.391406 0.392130 0.040104 0.069444
0 0.429427 0.395833 0.040104 0.069444
0 0.467448 0.398611 0.040104 0.069444
0 0.496094 0.398611 0.040104 0.069444
0 0.536198 0.398611 0.040104 0.069444
0 0.568490 0.399537 0.040104 0.069444
0 0.603906 0.398611 0.040104 0.069444
0 0.604427 0.465278 0.040104 0.069444
0 0.639844 0.468056 0.040104 0.069444
0 0.572656 0.464352 0.040104 0.069444
0 0.536719 0.464352 0.040104 0.069444
0 0.498177 0.466204 0.040104 0.069444
0 0.465365 0.461574 0.040104 0.069444
0 0.431510 0.464352 0.040104 0.069444
0 0.396094 0.466204 0.040104 0.069444
0 0.359115 0.465278 0.040104 0.069444
0 0.355469 0.536574 0.040104 0.069444
0 0.397135 0.536574 0.040104 0.069444
0 0.429427 0.532870 0.040104 0.069444
0 0.465885 0.536574 0.040104 0.069444
0 0.501302 0.535648 0.040104 0.069444
0 0.537760 0.535648 0.040104 0.069444
0 0.569010 0.533796 0.040104 0.069444
0 0.605469 0.534722 0.040104 0.069444
0 0.642969 0.534722 0.040104 0.069444
0 0.639844 0.601389 0.040104 0.069444
0 0.605990 0.600463 0.040104 0.069444
0 0.568490 0.599537 0.040104 0.069444
0 0.535156 0.601389 0.040104 0.069444
0 0.499219 0.601389 0.040104 0.069444
0 0.464323 0.600463 0.040104 0.069444
0 0.428906 0.600463 0.040104 0.069444
0 0.394531 0.600463 0.040104 0.069444
0 0.356510 0.604167 0.040104 0.069444
0 0.391927 0.668056 0.040104 0.069444
0 0.428385 0.672685 0.040104 0.069444
0 0.465365 0.669907 0.040104 0.069444
0 0.497656 0.672685 0.040104 0.069444
0 0.533594 0.670833 0.040104 0.069444
0 0.569531 0.669907 0.040104 0.069444
0 0.604948 0.668981 0.040104 0.069444
0 0.570052 0.733796 0.040104 0.069444
0 0.532552 0.731944 0.040104 0.069444
0 0.501302 0.737500 0.040104 0.069444
0 0.465365 0.732870 0.040104 0.069444
0 0.427865 0.735648 0.040104 0.069444
0 0.463802 0.807870 0.040104 0.069444
0 0.500260 0.806944 0.040104 0.069444
0 0.536719 0.809722 0.040104 0.069444
