2 0.148438 0.470370 0.088542 0.070370
2 0.234375 0.471296 0.088542 0.070370
2 0.322917 0.469444 0.088542 0.070370
2 0.674479 0.466667 0.088542 0.070370
2 0.760417 0.464815 0.088542 0.070370
2 0.851562 0.473148 0.088542 0.070370
1 0.412760 0.257407 0.078125 0.066667
1 0.414062 0.320370 0.078125 0.066667
1 0.407552 0.388889 0.078125 0.066667
1 0.319010 0.389815 0.078125 0.066667
1 0.139323 0.590741 0.078125 0.066667
1 0.222656 0.594444 0.078125 0.066667
1 0.311198 0.597222 0.078125 0.066667
1 0.321615 0.664815 0.078125 0.066667
1 0.402344 0.667593 0.078125 0.066667
1 0.406250 0.737963 0.078125 0.066667
1 0.404948 0.800000 0.078125 0.066667
1 0.593750 0.800000 0.078125 0.066667
1 0.580729 0.733333 0.078125 0.066667
1 0.589844 0.671296 0.078125 0.066667
1 0.669271 0.669444 0.078125 0.066667
1 0.675781 0.611111 0.078125 0.066667
1 0.756510 0.599074 0.078125 0.066667
1 0.841146 0.605556 0.078125 0.066667
1 0.666667 0.395370 0.078125 0.066667
1 0.588542 0.390741 0.078125 0.066667
1 0.585938 0.324074 0.078125 0.066667
1 0.584635 0.255556 0.078125 0.066667
0 0.145182 0.261574 0.097656 0.076852
0 0.233724 0.261574 0.097656 0.076852
0 0.320964 0.262500 0.097656 0.076852
0 0.319661 0.329167 0.097656 0.076852
0 0.231120 0.329167 0.097656 0.076852
0 0.143880 0.330093 0.097656 0.076852
0 0.145182 0.397685 0.097656 0.076852
0 0.232422 0.397685 0.097656 0.076852
0 0.676432 0.260648 0.097656 0.076852
0 0.764974 0.260648 0.097656 0.076852
0 0.852214 0.261574 0.097656 0.076852
0 0.852214 0.330093 0.097656 0.076852
0 0.850911 0.396759 0.097656 0.076852
0 0.763672 0.395833 0.097656 0.076852
0 0.762370 0.329167 0.097656 0.076852
0 0.675130 0.329167 0.097656 0.076852
0 0.770182 0.668981 0.097656 0.076852
0 0.857422 0.669907 0.097656 0.076852
0 0.856120 0.736574 0.097656 0.076852
0 0.767578 0.736574 0.097656 0.076852
0 0.681641 0.737500 0.097656 0.076852
0 0.682943 0.804167 0.097656 0.076852
0 0.770182 0.804167 0.097656 0.076852
0 0.857422 0.804167 0.097656 0.076852
0 0.326172 0.806019 0.097656 0.076852
0 0.237630 0.806019 0.097656 0.076852
0 0.150391 0.805093 0.097656 0.076852
0 0.150391 0.736574 0.097656 0.076852
0 0.151693 0.669907 0.097656 0.076852
0 0.238932 0.670833 0.097656 0.076852
0 0.240234 0.737500 0.097656 0.076852
0 0.327474 0.737500 0.097656 0.076852
0 0.494141 0.801389 0.097656 0.076852
0 0.494141 0.732870 0.097656 0.076852
0 0.494141 0.665278 0.097656 0.076852
0 0.492839 0.598611 0.097656 0.076852
0 0.406901 0.597685 0.097656 0.076852
0 0.405599 0.530093 0.097656 0.076852
0 0.317057 0.531019 0.097656 0.076852
0 0.228516 0.531019 0.097656 0.076852
0 0.142578 0.531019 0.097656 0.076852
0 0.406901 0.463426 0.097656 0.076852
0 0.495443 0.462500 0.097656 0.076852
0 0.494141 0.394907 0.097656 0.076852
0 0.494141 0.326389 0.097656 0.076852
0 0.494141 0.259722 0.097656 0.076852
0 0.582682 0.463426 0.097656 0.076852
0 0.582682 0.531019 0.097656 0.076852
0 0.582682 0.597685 0.097656 0.076852
0 0.671224 0.531019 0.097656 0.076852
0 0.759766 0.531019 0.097656 0.076852
0 0.847005 0.531019 0.097656 0.076852
0 0.496745 0.531019 0.097656 0.076852
