0 0.463281 0.327315 0.040104 0.069444
0 0.501302 0.327315 0.040104 0.069444
0 0.532552 0.329167 0.040104 0.069444
0 0.536198 0.396759 0.040104 0.069444
0 0.570573 0.394907 0.040104 0.069444
0 0.499219 0.395833 0.040104 0.069444
0 0.464323 0.395833 0.040104 0.069444
0 0.427344 0.393056 0.040104 0.069444
0 0.429948 0.460648 0.040104 0.069444
0 0.393490 0.463426 0.040104 0.069444
0 0.463802 0.463426 0.040104 0.069444
0 0.498698 0.462500 0.040104 0.069444
0 0.535677 0.462500 0.040104 0.069444
0 0.571615 0.462500 0.040104 0.069444
0 0.604948 0.462500 0.040104 0.069444
0 0.605469 0.529167 0.040104 0.069444
0 0.569010 0.531019 0.040104 0.069444
0 0.536719 0.528241 0.040104 0.069444
0 0.500260 0.530093 0.040104 0.069444
0 0.465885 0.531944 0.040104 0.069444
0 0.428385 0.531944 0.040104 0.069444
0 0.391406 0.531944 0.040104 0.069444
0 0.391927 0.598611 0.040104 0.069444
0 0.429427 0.599537 0.040104 0.069444
0 0.464323 0.602315 0.040104 0.069444
0 0.498177 0.600463 0.040104 0.069444
0 0.534635 0.601389 0.040104 0.069444
0 0.570573 0.598611 0.040104 0.069444
0 0.604948 0.600463 0.040104 0.069444
0 0.571094 0.667130 0.040104 0.069444
0 0.534635 0.666204 0.040104 0.069444
0 0.499740 0.667130 0.040104 0.069444
0 0.464844 0.666204 0.040104 0.069444
0 0.428385 0.670833 0.040104 0.069444
0 0.464844 0.734722 0.040104 0.069444
0 0.499740 0.735648 0.040104 0.069444
0 0.535677 0.734722 0.040104 0.069444
