1 0.135417 0.253704 0.098958 0.066667
1 0.147135 0.802778 0.098958 0.066667
1 0.238281 0.468519 0.098958 0.066667
1 0.329427 0.808333 0.098958 0.066667
1 0.497396 0.529630 0.098958 0.066667
1 0.496094 0.600000 0.098958 0.066667
1 0.498698 0.805556 0.098958 0.066667
1 0.673177 0.802778 0.098958 0.066667
1 0.759115 0.468519 0.098958 0.066667
1 0.846354 0.799074 0.098958 0.066667
1 0.861979 0.254630 0.098958 0.066667
0 0.240234 0.806019 0.092448 0.071296
0 0.416016 0.806019 0.092448 0.071296
0 0.583984 0.805093 0.092448 0.071296
0 0.762370 0.803241 0.092448 0.071296
0 0.854818 0.740278 0.092448 0.071296
0 0.766276 0.740278 0.092448 0.071296
0 0.679036 0.740278 0.092448 0.071296
0 0.590495 0.740278 0.092448 0.071296
0 0.501953 0.740278 0.092448 0.071296
0 0.414714 0.740278 0.092448 0.071296
0 0.326172 0.740278 0.092448 0.071296
0 0.237630 0.740278 0.092448 0.071296
0 0.151693 0.739352 0.092448 0.071296
0 0.152995 0.672685 0.092448 0.071296
0 0.240234 0.672685 0.092448 0.071296
0 0.328776 0.672685 0.092448 0.071296
0 0.417318 0.672685 0.092448 0.071296
0 0.504557 0.672685 0.092448 0.071296
0 0.593099 0.672685 0.092448 0.071296
0 0.681641 0.672685 0.092448 0.071296
0 0.768880 0.672685 0.092448 0.071296
0 0.856120 0.671759 0.092448 0.071296
0 0.854818 0.605093 0.092448 0.071296
0 0.766276 0.605093 0.092448 0.071296
0 0.679036 0.605093 0.092448 0.071296
0 0.591797 0.604167 0.092448 0.071296
0 0.593099 0.537500 0.092448 0.071296
0 0.681641 0.537500 0.092448 0.071296
0 0.768880 0.537500 0.092448 0.071296
0 0.856120 0.536574 0.092448 0.071296
0 0.856120 0.468056 0.092448 0.071296
0 0.856120 0.400463 0.092448 0.071296
0 0.854818 0.333796 0.092448 0.071296
0 0.767578 0.334722 0.092448 0.071296
0 0.766276 0.401389 0.092448 0.071296
0 0.680339 0.402315 0.092448 0.071296
0 0.679036 0.468981 0.092448 0.071296
0 0.591797 0.468056 0.092448 0.071296
0 0.591797 0.400463 0.092448 0.071296
0 0.591797 0.333796 0.092448 0.071296
0 0.680339 0.332870 0.092448 0.071296
0 0.680339 0.266204 0.092448 0.071296
0 0.767578 0.266204 0.092448 0.071296
0 0.591797 0.266204 0.092448 0.071296
0 0.501953 0.266204 0.092448 0.071296
0 0.414714 0.266204 0.092448 0.071296
0 0.326172 0.266204 0.092448 0.071296
0 0.238932 0.267130 0.092448 0.071296
0 0.237630 0.333796 0.092448 0.071296
0 0.151693 0.334722 0.092448 0.071296
0 0.152995 0.403241 0.092448 0.071296
0 0.151693 0.470833 0.092448 0.071296
0 0.151693 0.538426 0.092448 0.071296
0 0.152995 0.605093 0.092448 0.071296
0 0.241536 0.605093 0.092448 0.071296
0 0.328776 0.605093 0.092448 0.071296
0 0.416016 0.604167 0.092448 0.071296
0 0.414714 0.537500 0.092448 0.071296
0 0.326172 0.537500 0.092448 0.071296
0 0.240234 0.537500 0.092448 0.071296
0 0.241536 0.403241 0.092448 0.071296
0 0.327474 0.404167 0.092448 0.071296
0 0.328776 0.471759 0.092448 0.071296
0 0.417318 0.471759 0.092448 0.071296
0 0.504557 0.470833 0.092448 0.071296
0 0.503255 0.403241 0.092448 0.071296
0 0.416016 0.403241 0.092448 0.071296
0 0.503255 0.333796 0.092448 0.071296
0 0.414714 0.333796 0.092448 0.071296
0 0.328776 0.333796 0.092448 0.071296
3 0.471354 0.114815 0.106771 0.077778
