2 0.143229 0.269444 0.104167 0.068519
2 0.230469 0.210185 0.104167 0.068519
2 0.329427 0.211111 0.104167 0.068519
2 0.496094 0.206481 0.104167 0.068519
2 0.671875 0.215741 0.104167 0.068519
2 0.763021 0.214815 0.104167 0.068519
2 0.856771 0.274074 0.104167 0.068519
1 0.317708 0.331019 0.078125 0.056481
1 0.496094 0.326389 0.078125 0.056481
1 0.404948 0.259722 0.078125 0.056481
1 0.578125 0.261574 0.078125 0.056481
1 0.583333 0.395833 0.078125 0.056481
1 0.402344 0.399537 0.078125 0.056481
1 0.670573 0.328241 0.078125 0.056481
1 0.759115 0.532870 0.078125 0.056481
1 0.236979 0.528241 0.078125 0.056481
1 0.134115 0.733796 0.078125 0.056481
1 0.846354 0.731019 0.078125 0.056481
0 0.147786 0.805093 0.097656 0.073148
0 0.236328 0.805093 0.097656 0.073148
0 0.323568 0.805093 0.097656 0.073148
0 0.412109 0.805093 0.097656 0.073148
0 0.500651 0.805093 0.097656 0.073148
0 0.587891 0.805093 0.097656 0.073148
0 0.676432 0.805093 0.097656 0.073148
0 0.764974 0.804167 0.097656 0.073148
0 0.850911 0.805093 0.097656 0.073148
0 0.763672 0.737500 0.097656 0.073148
0 0.676432 0.737500 0.097656 0.073148
0 0.587891 0.737500 0.097656 0.073148
0 0.499349 0.737500 0.097656 0.073148
0 0.412109 0.737500 0.097656 0.073148
0 0.323568 0.737500 0.097656 0.073148
0 0.236328 0.737500 0.097656 0.073148
0 0.150391 0.665278 0.097656 0.073148
0 0.238932 0.665278 0.097656 0.073148
0 0.327474 0.665278 0.097656 0.073148
0 0.414714 0.665278 0.097656 0.073148
0 0.503255 0.665278 0.097656 0.073148
0 0.591797 0.665278 0.097656 0.073148
0 0.679036 0.665278 0.097656 0.073148
0 0.767578 0.665278 0.097656 0.073148
0 0.854818 0.664352 0.097656 0.073148
0 0.853516 0.596759 0.097656 0.073148
0 0.764974 0.596759 0.097656 0.073148
0 0.676432 0.596759 0.097656 0.073148
0 0.589193 0.596759 0.097656 0.073148
0 0.500651 0.596759 0.097656 0.073148
0 0.410807 0.596759 0.097656 0.073148
0 0.323568 0.596759 0.097656 0.073148
0 0.235026 0.596759 0.097656 0.073148
0 0.147786 0.595833 0.097656 0.073148
0 0.147786 0.528241 0.097656 0.073148
0 0.149089 0.460648 0.097656 0.073148
0 0.237630 0.461574 0.097656 0.073148
0 0.324870 0.462500 0.097656 0.073148
0 0.326172 0.529167 0.097656 0.073148
0 0.413411 0.529167 0.097656 0.073148
0 0.501953 0.529167 0.097656 0.073148
0 0.590495 0.529167 0.097656 0.073148
0 0.676432 0.528241 0.097656 0.073148
0 0.675130 0.461574 0.097656 0.073148
0 0.766276 0.461574 0.097656 0.073148
0 0.853516 0.462500 0.097656 0.073148
0 0.853516 0.529167 0.097656 0.073148
0 0.586589 0.461574 0.097656 0.073148
0 0.498047 0.461574 0.097656 0.073148
0 0.412109 0.461574 0.097656 0.073148
0 0.150391 0.393981 0.097656 0.073148
0 0.238932 0.393981 0.097656 0.073148
0 0.326172 0.393981 0.097656 0.073148
0 0.139974 0.328241 0.097656 0.073148
0 0.231120 0.325463 0.097656 0.073148
0 0.238932 0.265278 0.097656 0.073148
0 0.309245 0.265278 0.097656 0.073148
0 0.412109 0.322685 0.097656 0.073148
0 0.499349 0.268981 0.097656 0.073148
0 0.581380 0.327315 0.097656 0.073148
0 0.503255 0.389352 0.097656 0.073148
0 0.667318 0.396759 0.097656 0.073148
0 0.755859 0.398611 0.097656 0.073148
0 0.848307 0.396759 0.097656 0.073148
0 0.849609 0.337500 0.097656 0.073148
0 0.749349 0.333796 0.097656 0.073148
0 0.754557 0.275463 0.097656 0.073148
0 0.675130 0.268056 0.097656 0.073148
