2 0.238281 0.215278 0.096354 0.063889
2 0.321615 0.213426 0.096354 0.063889
2 0.587240 0.272685 0.096354 0.063889
2 0.677083 0.270833 0.096354 0.063889
2 0.764323 0.272685 0.096354 0.063889
2 0.855469 0.335648 0.096354 0.063889
1 0.503906 0.261111 0.085938 0.068519
1 0.420573 0.329630 0.085938 0.068519
1 0.136719 0.730556 0.085938 0.068519
1 0.138021 0.797222 0.085938 0.068519
1 0.220052 0.802778 0.085938 0.068519
1 0.305990 0.807407 0.085938 0.068519
1 0.410156 0.804630 0.085938 0.068519
1 0.497396 0.803704 0.085938 0.068519
1 0.574219 0.734259 0.085938 0.068519
1 0.497396 0.733333 0.085938 0.068519
1 0.494792 0.671296 0.085938 0.068519
1 0.490885 0.529630 0.085938 0.068519
1 0.498698 0.325000 0.085938 0.068519
1 0.497396 0.397222 0.085938 0.068519
1 0.858073 0.266667 0.085938 0.068519
0 0.414714 0.261111 0.082031 0.077778
0 0.326172 0.261111 0.082031 0.077778
0 0.237630 0.261111 0.082031 0.077778
0 0.151693 0.262037 0.082031 0.077778
0 0.152995 0.328704 0.082031 0.077778
0 0.240234 0.328704 0.082031 0.077778
0 0.327474 0.328704 0.082031 0.077778
0 0.134766 0.398148 0.082031 0.077778
0 0.222005 0.398148 0.082031 0.077778
0 0.310547 0.398148 0.082031 0.077778
0 0.397786 0.399074 0.082031 0.077778
0 0.396484 0.466667 0.082031 0.077778
0 0.307943 0.466667 0.082031 0.077778
0 0.219401 0.466667 0.082031 0.077778
0 0.133464 0.467593 0.082031 0.077778
0 0.134766 0.534259 0.082031 0.077778
0 0.220703 0.534259 0.082031 0.077778
0 0.315755 0.527778 0.082031 0.077778
0 0.401693 0.531944 0.092448 0.069444
0 0.400391 0.599537 0.092448 0.069444
0 0.313151 0.599537 0.092448 0.069444
0 0.224609 0.599537 0.092448 0.069444
0 0.137370 0.600463 0.092448 0.069444
0 0.138672 0.667130 0.092448 0.069444
0 0.225911 0.668056 0.092448 0.069444
0 0.227214 0.734722 0.092448 0.069444
0 0.314453 0.733796 0.092448 0.069444
0 0.315755 0.667130 0.092448 0.069444
0 0.401693 0.668056 0.092448 0.069444
0 0.401693 0.734722 0.092448 0.069444
0 0.501953 0.601389 0.092448 0.069444
0 0.496745 0.459722 0.092448 0.069444
0 0.587891 0.808796 0.092448 0.069444
0 0.676432 0.808796 0.092448 0.069444
0 0.763672 0.808796 0.092448 0.069444
0 0.850911 0.807870 0.092448 0.069444
0 0.849609 0.741204 0.092448 0.069444
0 0.761068 0.741204 0.092448 0.069444
0 0.675130 0.741204 0.092448 0.069444
0 0.850911 0.668056 0.092448 0.069444
0 0.762370 0.668056 0.092448 0.069444
0 0.673828 0.668056 0.092448 0.069444
0 0.587891 0.667130 0.092448 0.069444
0 0.589193 0.599537 0.092448 0.069444
0 0.676432 0.599537 0.092448 0.069444
0 0.764974 0.599537 0.092448 0.069444
0 0.852214 0.598611 0.092448 0.069444
0 0.850911 0.531944 0.092448 0.069444
0 0.762370 0.531944 0.092448 0.069444
0 0.673828 0.531944 0.092448 0.069444
0 0.587891 0.531019 0.092448 0.069444
0 0.589193 0.464352 0.092448 0.069444
0 0.676432 0.464352 0.092448 0.069444
0 0.764974 0.464352 0.092448 0.069444
0 0.852214 0.463426 0.092448 0.069444
0 0.850911 0.396759 0.092448 0.069444
0 0.761068 0.396759 0.092448 0.069444
0 0.672526 0.396759 0.092448 0.069444
0 0.586589 0.395833 0.092448 0.069444
0 0.587891 0.328241 0.092448 0.069444
0 0.675130 0.328241 0.092448 0.069444
0 0.762370 0.328241 0.092448 0.069444
