0 0.146484 0.327778 0.092448 0.068519
0 0.146484 0.395370 0.092448 0.068519
0 0.146484 0.462963 0.092448 0.068519
0 0.146484 0.531481 0.092448 0.068519
0 0.146484 0.599074 0.092448 0.068519
0 0.147786 0.666667 0.092448 0.068519
0 0.146484 0.733333 0.092448 0.068519
0 0.235026 0.665741 0.092448 0.068519
0 0.235026 0.598148 0.092448 0.068519
0 0.235026 0.530556 0.092448 0.068519
0 0.235026 0.462963 0.092448 0.068519
0 0.235026 0.395370 0.092448 0.068519
0 0.236328 0.327778 0.092448 0.068519
0 0.323568 0.328704 0.092448 0.068519
0 0.323568 0.397222 0.092448 0.068519
0 0.323568 0.464815 0.092448 0.068519
0 0.324870 0.532407 0.092448 0.068519
0 0.326172 0.599074 0.092448 0.068519
0 0.412109 0.531481 0.092448 0.068519
0 0.412109 0.463889 0.092448 0.068519
0 0.412109 0.396296 0.092448 0.068519
0 0.413411 0.328704 0.092448 0.068519
0 0.499349 0.329630 0.092448 0.068519
0 0.499349 0.398148 0.092448 0.068519
0 0.499349 0.465741 0.092448 0.068519
0 0.500651 0.532407 0.092448 0.068519
0 0.587891 0.530556 0.092448 0.068519
0 0.587891 0.462963 0.092448 0.068519
0 0.587891 0.395370 0.092448 0.068519
0 0.589193 0.327778 0.092448 0.068519
0 0.676432 0.328704 0.092448 0.068519
0 0.676432 0.397222 0.092448 0.068519
0 0.676432 0.464815 0.092448 0.068519
0 0.676432 0.532407 0.092448 0.068519
0 0.677734 0.599074 0.092448 0.068519
0 0.763672 0.600000 0.092448 0.068519
0 0.764974 0.667593 0.092448 0.068519
0 0.852214 0.667593 0.092448 0.068519
0 0.852214 0.735185 0.092448 0.068519
0 0.852214 0.600000 0.092448 0.068519
0 0.850911 0.533333 0.092448 0.068519
0 0.763672 0.531481 0.092448 0.068519
0 0.764974 0.463889 0.092448 0.068519
0 0.852214 0.462963 0.092448 0.068519
0 0.850911 0.396296 0.092448 0.068519
0 0.763672 0.395370 0.092448 0.068519
0 0.764974 0.328704 0.092448 0.068519
0 0.852214 0.328704 0.092448 0.068519
2 0.498698 0.261111 0.093750 0.062963
1 0.414714 0.599074 0.092448 0.068519
1 0.501953 0.599074 0.092448 0.068519
1 0.589193 0.600000 0.092448 0.068519
1 0.590495 0.666667 0.092448 0.068519
1 0.677734 0.667593 0.092448 0.068519
1 0.677734 0.734259 0.092448 0.068519
1 0.764974 0.734259 0.092448 0.068519
1 0.589193 0.734259 0.092448 0.068519
1 0.501953 0.734259 0.092448 0.068519
1 0.413411 0.734259 0.092448 0.068519
1 0.324870 0.733333 0.092448 0.068519
1 0.238932 0.734259 0.092448 0.068519
1 0.326172 0.666667 0.092448 0.068519
1 0.414714 0.666667 0.092448 0.068519
1 0.501953 0.666667 0.092448 0.068519
3 0.473307 0.117593 0.115885 0.075926
