2 0.145833 0.210185 0.101562 0.064815
2 0.234375 0.213889 0.101562 0.064815
2 0.497396 0.210185 0.101562 0.064815
2 0.755208 0.210185 0.101562 0.064815
2 0.848958 0.212037 0.101562 0.064815
1 0.327474 0.458796 0.074219 0.063889
1 0.404297 0.460648 0.074219 0.063889
1 0.405599 0.404167 0.074219 0.063889
1 0.323568 0.405093 0.074219 0.063889
1 0.319661 0.336574 0.074219 0.063889
1 0.395182 0.335648 0.074219 0.063889
1 0.399089 0.268056 0.074219 0.063889
1 0.323568 0.268981 0.074219 0.063889
1 0.583984 0.264352 0.074219 0.063889
1 0.662109 0.264352 0.074219 0.063889
1 0.664714 0.325463 0.074219 0.063889
1 0.585286 0.328241 0.074219 0.063889
1 0.581380 0.392130 0.074219 0.063889
1 0.663411 0.393056 0.074219 0.063889
1 0.660807 0.460648 0.074219 0.063889
1 0.585286 0.456944 0.074219 0.063889
1 0.408203 0.736574 0.074219 0.063889
1 0.488932 0.736574 0.074219 0.063889
1 0.567057 0.737500 0.074219 0.063889
1 0.574870 0.800463 0.074219 0.063889
1 0.487630 0.801389 0.074219 0.063889
1 0.408203 0.800463 0.074219 0.063889
0 0.145833 0.806019 0.091146 0.067593
0 0.233073 0.806019 0.091146 0.067593
0 0.324219 0.804167 0.091146 0.067593
0 0.325521 0.734722 0.091146 0.067593
0 0.235677 0.737500 0.091146 0.067593
0 0.145833 0.734722 0.091146 0.067593
0 0.141927 0.670833 0.091146 0.067593
0 0.236979 0.667130 0.091146 0.067593
0 0.317708 0.672685 0.091146 0.067593
0 0.408854 0.671759 0.091146 0.067593
0 0.489583 0.674537 0.091146 0.067593
0 0.572917 0.668981 0.091146 0.067593
0 0.665365 0.667130 0.091146 0.067593
0 0.757812 0.665278 0.091146 0.067593
0 0.847656 0.669907 0.091146 0.067593
0 0.852865 0.736574 0.091146 0.067593
0 0.763021 0.737500 0.091146 0.067593
0 0.682292 0.740278 0.091146 0.067593
0 0.671875 0.804167 0.091146 0.067593
0 0.763021 0.806019 0.091146 0.067593
0 0.845052 0.805093 0.091146 0.067593
0 0.859375 0.595833 0.091146 0.067593
0 0.850260 0.525463 0.091146 0.067593
0 0.843750 0.463426 0.091146 0.067593
0 0.843750 0.394907 0.091146 0.067593
0 0.845052 0.326389 0.091146 0.067593
0 0.848958 0.268981 0.091146 0.067593
0 0.753906 0.266204 0.091146 0.067593
0 0.751302 0.331944 0.091146 0.067593
0 0.761719 0.396759 0.091146 0.067593
0 0.765625 0.463426 0.091146 0.067593
0 0.763021 0.522685 0.091146 0.067593
0 0.760417 0.597685 0.091146 0.067593
0 0.671875 0.600463 0.091146 0.067593
0 0.671875 0.529167 0.091146 0.067593
0 0.572917 0.533796 0.091146 0.067593
0 0.582031 0.595833 0.091146 0.067593
0 0.505208 0.604167 0.091146 0.067593
0 0.494792 0.529167 0.091146 0.067593
0 0.410156 0.528241 0.091146 0.067593
0 0.408854 0.593981 0.091146 0.067593
0 0.321615 0.594907 0.091146 0.067593
0 0.326823 0.522685 0.091146 0.067593
0 0.236979 0.597685 0.091146 0.067593
0 0.148438 0.594907 0.091146 0.067593
0 0.143229 0.521759 0.091146 0.067593
0 0.233073 0.528241 0.091146 0.067593
0 0.235677 0.461574 0.091146 0.067593
0 0.141927 0.456019 0.091146 0.067593
0 0.147135 0.394907 0.091146 0.067593
0 0.236979 0.397685 0.091146 0.067593
0 0.235677 0.332870 0.091146 0.067593
0 0.138021 0.331944 0.091146 0.067593
0 0.143229 0.259722 0.091146 0.067593
0 0.231771 0.264352 0.091146 0.067593
