1 0.410807 0.601389 0.074219 0.060185
1 0.322266 0.668981 0.074219 0.060185
1 0.580078 0.599537 0.074219 0.060185
1 0.666016 0.667130 0.074219 0.060185
1 0.850911 0.731944 0.074219 0.060185
1 0.847005 0.804167 0.074219 0.060185
1 0.145182 0.740278 0.074219 0.060185
1 0.149089 0.805093 0.074219 0.060185
1 0.137370 0.318981 0.074219 0.060185
1 0.139974 0.256019 0.074219 0.060185
1 0.222005 0.256944 0.074219 0.060185
1 0.766276 0.261574 0.074219 0.060185
1 0.841797 0.261574 0.074219 0.060185
1 0.852214 0.322685 0.074219 0.060185
0 0.317057 0.258796 0.102865 0.076852
0 0.404297 0.258796 0.102865 0.076852
0 0.492839 0.258796 0.102865 0.076852
0 0.581380 0.258796 0.102865 0.076852
0 0.667318 0.258796 0.102865 0.076852
0 0.757161 0.321759 0.102865 0.076852
0 0.668620 0.321759 0.102865 0.076852
0 0.580078 0.321759 0.102865 0.076852
0 0.492839 0.321759 0.102865 0.076852
0 0.404297 0.321759 0.102865 0.076852
0 0.315755 0.321759 0.102865 0.076852
0 0.229818 0.321759 0.102865 0.076852
0 0.145182 0.394907 0.102865 0.076852
0 0.233724 0.394907 0.102865 0.076852
0 0.320964 0.394907 0.102865 0.076852
0 0.409505 0.394907 0.102865 0.076852
0 0.498047 0.394907 0.102865 0.076852
0 0.585286 0.394907 0.102865 0.076852
0 0.673828 0.394907 0.102865 0.076852
0 0.762370 0.394907 0.102865 0.076852
0 0.848307 0.395833 0.102865 0.076852
0 0.847005 0.462500 0.102865 0.076852
0 0.759766 0.462500 0.102865 0.076852
0 0.671224 0.462500 0.102865 0.076852
0 0.582682 0.462500 0.102865 0.076852
0 0.495443 0.462500 0.102865 0.076852
0 0.406901 0.462500 0.102865 0.076852
0 0.318359 0.462500 0.102865 0.076852
0 0.231120 0.462500 0.102865 0.076852
0 0.143880 0.463426 0.102865 0.076852
0 0.145182 0.531019 0.102865 0.076852
0 0.233724 0.531019 0.102865 0.076852
0 0.320964 0.531019 0.102865 0.076852
0 0.409505 0.531019 0.102865 0.076852
0 0.498047 0.531019 0.102865 0.076852
0 0.585286 0.531019 0.102865 0.076852
0 0.673828 0.531019 0.102865 0.076852
0 0.762370 0.531019 0.102865 0.076852
0 0.848307 0.531944 0.102865 0.076852
0 0.847005 0.598611 0.102865 0.076852
0 0.759766 0.598611 0.102865 0.076852
0 0.672526 0.598611 0.102865 0.076852
0 0.856120 0.668056 0.102865 0.076852
0 0.768880 0.668981 0.102865 0.076852
0 0.768880 0.736574 0.102865 0.076852
0 0.767578 0.803241 0.102865 0.076852
0 0.680339 0.802315 0.102865 0.076852
0 0.679036 0.735648 0.102865 0.076852
0 0.593099 0.735648 0.102865 0.076852
0 0.591797 0.668056 0.102865 0.076852
0 0.503255 0.667130 0.102865 0.076852
0 0.504557 0.599537 0.102865 0.076852
0 0.591797 0.802315 0.102865 0.076852
0 0.504557 0.801389 0.102865 0.076852
0 0.504557 0.734722 0.102865 0.076852
0 0.416016 0.668056 0.102865 0.076852
0 0.414714 0.735648 0.102865 0.076852
0 0.413411 0.803241 0.102865 0.076852
0 0.326172 0.803241 0.102865 0.076852
0 0.238932 0.803241 0.102865 0.076852
0 0.327474 0.735648 0.102865 0.076852
0 0.240234 0.734722 0.102865 0.076852
0 0.238932 0.668056 0.102865 0.076852
0 0.151693 0.667130 0.102865 0.076852
0 0.152995 0.600463 0.102865 0.076852
0 0.240234 0.600463 0.102865 0.076852
0 0.327474 0.600463 0.102865 0.076852
3 0.473958 0.120833 0.117188 0.075000
