0 0.358073 0.259259 0.036979 0.072222
0 0.392969 0.264815 0.036979 0.072222
0 0.428385 0.263889 0.036979 0.072222
0 0.463802 0.259259 0.036979 0.072222
0 0.500781 0.259259 0.036979 0.072222
0 0.536719 0.260185 0.036979 0.072222
0 0.568490 0.262037 0.036979 0.072222
0 0.605469 0.262037 0.036979 0.072222
0 0.640885 0.259259 0.036979 0.072222
0 0.642448 0.333333 0.036979 0.072222
0 0.604427 0.333333 0.036979 0.072222
0 0.568490 0.329630 0.036979 0.072222
0 0.531510 0.330556 0.036979 0.072222
0 0.464844 0.329630 0.036979 0.072222
0 0.463802 0.327778 0.036979 0.072222
0 0.429427 0.329630 0.036979 0.072222
0 0.394531 0.330556 0.036979 0.072222
0 0.357031 0.330556 0.036979 0.072222
0 0.357552 0.397222 0.036979 0.072222
0 0.392448 0.397222 0.036979 0.072222
0 0.429427 0.396296 0.036979 0.072222
0 0.462760 0.393519 0.036979 0.072222
0 0.497656 0.398148 0.036979 0.072222
0 0.535677 0.401852 0.036979 0.072222
0 0.572135 0.398148 0.036979 0.072222
0 0.608594 0.400000 0.036979 0.072222
0 0.639844 0.395370 0.036979 0.072222
0 0.641927 0.464815 0.036979 0.072222
0 0.605469 0.468519 0.036979 0.072222
0 0.571615 0.464815 0.036979 0.072222
0 0.534635 0.466667 0.036979 0.072222
0 0.497135 0.469444 0.036979 0.072222
0 0.464844 0.465741 0.036979 0.072222
0 0.432031 0.467593 0.036979 0.072222
0 0.395573 0.467593 0.036979 0.072222
0 0.359115 0.466667 0.036979 0.072222
0 0.358594 0.528704 0.036979 0.072222
0 0.394010 0.527778 0.036979 0.072222
0 0.429427 0.534259 0.036979 0.072222
0 0.465885 0.532407 0.036979 0.072222
0 0.501302 0.532407 0.036979 0.072222
0 0.538281 0.534259 0.036979 0.072222
0 0.571094 0.535185 0.036979 0.072222
0 0.606510 0.532407 0.036979 0.072222
0 0.642969 0.533333 0.036979 0.072222
0 0.605990 0.596296 0.036979 0.072222
0 0.570573 0.601852 0.036979 0.072222
0 0.538802 0.600000 0.036979 0.072222
0 0.500260 0.599074 0.036979 0.072222
0 0.463802 0.600000 0.036979 0.072222
0 0.430469 0.602778 0.036979 0.072222
0 0.391927 0.603704 0.036979 0.072222
0 0.391927 0.669444 0.036979 0.072222
0 0.426302 0.672222 0.036979 0.072222
0 0.466406 0.670370 0.036979 0.072222
0 0.502865 0.670370 0.036979 0.072222
0 0.537240 0.671296 0.036979 0.072222
0 0.571615 0.670370 0.036979 0.072222
0 0.604948 0.671296 0.036979 0.072222
0 0.571094 0.738889 0.036979 0.072222
0 0.534635 0.738889 0.036979 0.072222
0 0.498177 0.740741 0.036979 0.072222
0 0.463802 0.738889 0.036979 0.072222
0 0.426823 0.741667 0.036979 0.072222
0 0.426823 0.806481 0.036979 0.072222
0 0.464323 0.804630 0.036979 0.072222
0 0.500260 0.807407 0.036979 0.072222
0 0.536719 0.809259 0.036979 0.072222
0 0.571094 0.808333 0.036979 0.072222
