0 0.323568 0.258333 0.092448 0.068519
0 0.412109 0.258333 0.092448 0.068519
0 0.500651 0.258333 0.092448 0.068519
0 0.587891 0.258333 0.092448 0.068519
0 0.675130 0.259259 0.092448 0.068519
0 0.675130 0.326852 0.092448 0.068519
0 0.585286 0.326852 0.092448 0.068519
0 0.498047 0.326852 0.092448 0.068519
0 0.409505 0.326852 0.092448 0.068519
0 0.322266 0.327778 0.092448 0.068519
0 0.323568 0.394444 0.092448 0.068519
0 0.412109 0.394444 0.092448 0.068519
0 0.500651 0.394444 0.092448 0.068519
0 0.587891 0.394444 0.092448 0.068519
0 0.675130 0.395370 0.092448 0.068519
0 0.673828 0.462037 0.092448 0.068519
0 0.585286 0.462037 0.092448 0.068519
0 0.498047 0.462037 0.092448 0.068519
0 0.409505 0.462037 0.092448 0.068519
0 0.322266 0.462963 0.092448 0.068519
0 0.323568 0.529630 0.092448 0.068519
0 0.412109 0.529630 0.092448 0.068519
0 0.500651 0.529630 0.092448 0.068519
0 0.587891 0.529630 0.092448 0.068519
0 0.675130 0.530556 0.092448 0.068519
0 0.673828 0.598148 0.092448 0.068519
0 0.585286 0.598148 0.092448 0.068519
0 0.498047 0.598148 0.092448 0.068519
0 0.409505 0.598148 0.092448 0.068519
0 0.322266 0.599074 0.092448 0.068519
0 0.323568 0.665741 0.092448 0.068519
0 0.412109 0.665741 0.092448 0.068519
0 0.500651 0.665741 0.092448 0.068519
0 0.587891 0.665741 0.092448 0.068519
0 0.675130 0.666667 0.092448 0.068519
0 0.675130 0.734259 0.092448 0.068519
0 0.673828 0.800926 0.092448 0.068519
0 0.586589 0.800000 0.092448 0.068519
0 0.585286 0.733333 0.092448 0.068519
0 0.499349 0.734259 0.092448 0.068519
0 0.498047 0.800926 0.092448 0.068519
0 0.409505 0.800926 0.092448 0.068519
0 0.322266 0.800000 0.092448 0.068519
0 0.322266 0.733333 0.092448 0.068519
0 0.410807 0.733333 0.092448 0.068519
0 0.235026 0.732407 0.092448 0.068519
0 0.235026 0.664815 0.092448 0.068519
0 0.235026 0.596296 0.092448 0.068519
0 0.235026 0.528704 0.092448 0.068519
0 0.235026 0.461111 0.092448 0.068519
0 0.235026 0.393519 0.092448 0.068519
0 0.235026 0.326852 0.092448 0.068519
0 0.762370 0.327778 0.092448 0.068519
0 0.762370 0.396296 0.092448 0.068519
0 0.762370 0.463889 0.092448 0.068519
0 0.762370 0.531481 0.092448 0.068519
0 0.762370 0.599074 0.092448 0.068519
0 0.762370 0.666667 0.092448 0.068519
0 0.762370 0.734259 0.092448 0.068519
2 0.499349 0.201389 0.087240 0.050926
1 0.229818 0.254630 0.079427 0.066667
1 0.764974 0.257407 0.079427 0.066667
1 0.763672 0.803704 0.079427 0.066667
1 0.228516 0.802778 0.079427 0.066667
3 0.470703 0.116667 0.105469 0.074074
