2 0.322266 0.340741 0.102865 0.068519
2 0.410807 0.340741 0.102865 0.068519
2 0.498047 0.340741 0.102865 0.068519
2 0.587891 0.340741 0.102865 0.068519
2 0.675130 0.340741 0.102865 0.068519
1 0.140625 0.327315 0.098958 0.062037
1 0.141927 0.260648 0.098958 0.062037
1 0.229167 0.261574 0.098958 0.062037
1 0.229167 0.329167 0.098958 0.062037
1 0.229167 0.396759 0.098958 0.062037
1 0.229167 0.464352 0.098958 0.062037
1 0.229167 0.532870 0.098958 0.062037
1 0.229167 0.600463 0.098958 0.062037
1 0.229167 0.668056 0.098958 0.062037
1 0.229167 0.734722 0.098958 0.062037
1 0.141927 0.735648 0.098958 0.062037
1 0.143229 0.803241 0.098958 0.062037
1 0.229167 0.803241 0.098958 0.062037
1 0.316406 0.734722 0.098958 0.062037
1 0.404948 0.734722 0.098958 0.062037
1 0.493490 0.734722 0.098958 0.062037
1 0.580729 0.734722 0.098958 0.062037
1 0.669271 0.734722 0.098958 0.062037
1 0.757812 0.733796 0.098958 0.062037
1 0.843750 0.735648 0.098958 0.062037
1 0.842448 0.802315 0.098958 0.062037
1 0.756510 0.802315 0.098958 0.062037
1 0.757812 0.666204 0.098958 0.062037
1 0.757812 0.597685 0.098958 0.062037
1 0.757812 0.530093 0.098958 0.062037
1 0.757812 0.462500 0.098958 0.062037
1 0.757812 0.394907 0.098958 0.062037
1 0.757812 0.326389 0.098958 0.062037
1 0.759115 0.259722 0.098958 0.062037
1 0.846354 0.260648 0.098958 0.062037
1 0.846354 0.327315 0.098958 0.062037
0 0.324219 0.264815 0.093750 0.077778
0 0.411458 0.264815 0.093750 0.077778
0 0.500000 0.264815 0.093750 0.077778
0 0.588542 0.264815 0.093750 0.077778
0 0.674479 0.264815 0.093750 0.077778
0 0.141927 0.399074 0.093750 0.077778
0 0.141927 0.466667 0.093750 0.077778
0 0.141927 0.535185 0.093750 0.077778
0 0.141927 0.602778 0.093750 0.077778
0 0.141927 0.669444 0.093750 0.077778
0 0.320312 0.804630 0.093750 0.077778
0 0.408854 0.804630 0.093750 0.077778
0 0.496094 0.804630 0.093750 0.077778
0 0.584635 0.804630 0.093750 0.077778
0 0.671875 0.804630 0.093750 0.077778
0 0.846354 0.663889 0.093750 0.077778
0 0.846354 0.596296 0.093750 0.077778
0 0.846354 0.528704 0.093750 0.077778
0 0.846354 0.460185 0.093750 0.077778
0 0.856771 0.399074 0.093750 0.077778
0 0.322917 0.399074 0.093750 0.077778
0 0.411458 0.399074 0.093750 0.077778
0 0.498698 0.399074 0.093750 0.077778
0 0.587240 0.399074 0.093750 0.077778
0 0.674479 0.400000 0.093750 0.077778
0 0.673177 0.466667 0.093750 0.077778
0 0.584635 0.466667 0.093750 0.077778
0 0.496094 0.466667 0.093750 0.077778
0 0.408854 0.466667 0.093750 0.077778
0 0.321615 0.467593 0.093750 0.077778
0 0.322917 0.534259 0.093750 0.077778
0 0.410156 0.534259 0.093750 0.077778
0 0.582031 0.533333 0.093750 0.077778
0 0.669271 0.534259 0.093750 0.077778
0 0.667969 0.600926 0.093750 0.077778
0 0.579427 0.600926 0.093750 0.077778
0 0.492188 0.600926 0.093750 0.077778
0 0.403646 0.600926 0.093750 0.077778
0 0.316406 0.601852 0.093750 0.077778
0 0.317708 0.668519 0.093750 0.077778
0 0.406250 0.668519 0.093750 0.077778
0 0.494792 0.668519 0.093750 0.077778
0 0.582031 0.668519 0.093750 0.077778
0 0.669271 0.668519 0.093750 0.077778
2 0.492839 0.538889 0.102865 0.068519
