0 0.145833 0.261574 0.098958 0.069444
0 0.234375 0.261574 0.098958 0.069444
0 0.321615 0.262500 0.098958 0.069444
0 0.319010 0.329167 0.098958 0.069444
0 0.231771 0.329167 0.098958 0.069444
0 0.144531 0.330093 0.098958 0.069444
0 0.145833 0.396759 0.098958 0.069444
0 0.234375 0.396759 0.098958 0.069444
0 0.320312 0.397685 0.098958 0.069444
0 0.319010 0.465278 0.098958 0.069444
0 0.231771 0.465278 0.098958 0.069444
0 0.144531 0.466204 0.098958 0.069444
0 0.144531 0.533796 0.098958 0.069444
0 0.144531 0.601389 0.098958 0.069444
0 0.144531 0.668981 0.098958 0.069444
0 0.144531 0.736574 0.098958 0.069444
0 0.145833 0.804167 0.098958 0.069444
0 0.233073 0.803241 0.098958 0.069444
0 0.233073 0.734722 0.098958 0.069444
0 0.233073 0.667130 0.098958 0.069444
0 0.233073 0.599537 0.098958 0.069444
0 0.234375 0.532870 0.098958 0.069444
0 0.320312 0.533796 0.098958 0.069444
0 0.320312 0.601389 0.098958 0.069444
0 0.320312 0.668981 0.098958 0.069444
0 0.320312 0.736574 0.098958 0.069444
0 0.321615 0.804167 0.098958 0.069444
0 0.408854 0.803241 0.098958 0.069444
0 0.408854 0.734722 0.098958 0.069444
0 0.408854 0.667130 0.098958 0.069444
0 0.408854 0.599537 0.098958 0.069444
0 0.410156 0.532870 0.098958 0.069444
0 0.497396 0.532870 0.098958 0.069444
0 0.498698 0.464352 0.098958 0.069444
0 0.497396 0.395833 0.098958 0.069444
0 0.497396 0.329167 0.098958 0.069444
0 0.497396 0.600463 0.098958 0.069444
0 0.497396 0.668981 0.098958 0.069444
0 0.497396 0.736574 0.098958 0.069444
0 0.498698 0.803241 0.098958 0.069444
0 0.585938 0.802315 0.098958 0.069444
0 0.585938 0.734722 0.098958 0.069444
0 0.585938 0.667130 0.098958 0.069444
0 0.585938 0.598611 0.098958 0.069444
0 0.587240 0.531944 0.098958 0.069444
0 0.673177 0.532870 0.098958 0.069444
0 0.673177 0.600463 0.098958 0.069444
0 0.673177 0.668981 0.098958 0.069444
0 0.673177 0.736574 0.098958 0.069444
0 0.674479 0.803241 0.098958 0.069444
0 0.763021 0.803241 0.098958 0.069444
0 0.850260 0.802315 0.098958 0.069444
0 0.848958 0.735648 0.098958 0.069444
0 0.761719 0.734722 0.098958 0.069444
0 0.763021 0.668056 0.098958 0.069444
0 0.850260 0.667130 0.098958 0.069444
0 0.848958 0.599537 0.098958 0.069444
0 0.761719 0.598611 0.098958 0.069444
0 0.763021 0.531944 0.098958 0.069444
0 0.850260 0.531019 0.098958 0.069444
0 0.847656 0.464352 0.098958 0.069444
0 0.759115 0.464352 0.098958 0.069444
0 0.671875 0.463426 0.098958 0.069444
0 0.673177 0.396759 0.098958 0.069444
0 0.761719 0.396759 0.098958 0.069444
0 0.848958 0.394907 0.098958 0.069444
0 0.847656 0.327315 0.098958 0.069444
0 0.759115 0.327315 0.098958 0.069444
0 0.671875 0.326389 0.098958 0.069444
0 0.673177 0.259722 0.098958 0.069444
0 0.761719 0.259722 0.098958 0.069444
0 0.848958 0.259722 0.098958 0.069444
0 0.408854 0.263426 0.098958 0.069444
0 0.408854 0.331944 0.098958 0.069444
0 0.408854 0.399537 0.098958 0.069444
0 0.410156 0.468056 0.098958 0.069444
0 0.585938 0.463426 0.098958 0.069444
0 0.585938 0.394907 0.098958 0.069444
0 0.585938 0.327315 0.098958 0.069444
0 0.585938 0.260648 0.098958 0.069444
2 0.141927 0.212037 0.104167 0.059259
2 0.230469 0.212037 0.104167 0.059259
2 0.319010 0.212037 0.104167 0.059259
2 0.406250 0.212037 0.104167 0.059259
2 0.494792 0.212037 0.104167 0.059259
2 0.583333 0.212037 0.104167 0.059259
2 0.670573 0.212037 0.104167 0.059259
2 0.759115 0.212037 0.104167 0.059259
2 0.846354 0.212037 0.104167 0.059259
3 0.395182 0.105556 0.071615 0.048148
3 0.500651 0.108333 0.082031 0.057407
3 0.604818 0.107870 0.071615 0.056481
