1 0.134766 0.391204 0.097656 0.067593
1 0.134766 0.322685 0.097656 0.067593
1 0.136068 0.256019 0.097656 0.067593
1 0.223307 0.256944 0.097656 0.067593
1 0.223307 0.323611 0.097656 0.067593
1 0.307943 0.251389 0.097656 0.067593
1 0.491536 0.257870 0.097656 0.067593
1 0.500651 0.323611 0.097656 0.067593
1 0.685547 0.256944 0.097656 0.067593
1 0.775391 0.257870 0.097656 0.067593
1 0.871745 0.257870 0.097656 0.067593
1 0.873047 0.325463 0.097656 0.067593
1 0.863932 0.392130 0.097656 0.067593
1 0.777995 0.326389 0.097656 0.067593
1 0.500651 0.602315 0.097656 0.067593
1 0.498047 0.668981 0.097656 0.067593
1 0.419922 0.735648 0.097656 0.067593
1 0.511068 0.734722 0.097656 0.067593
1 0.583984 0.735648 0.097656 0.067593
1 0.667318 0.806944 0.097656 0.067593
1 0.610026 0.809722 0.097656 0.067593
1 0.507161 0.807870 0.097656 0.067593
1 0.418620 0.804167 0.097656 0.067593
1 0.335286 0.805093 0.097656 0.067593
0 0.400391 0.256019 0.087240 0.075000
0 0.400391 0.323611 0.087240 0.075000
0 0.400391 0.392130 0.087240 0.075000
0 0.400391 0.459722 0.087240 0.075000
0 0.400391 0.527315 0.087240 0.075000
0 0.400391 0.594907 0.087240 0.075000
0 0.399089 0.661574 0.087240 0.075000
0 0.313151 0.660648 0.087240 0.075000
0 0.313151 0.593056 0.087240 0.075000
0 0.313151 0.525463 0.087240 0.075000
0 0.313151 0.457870 0.087240 0.075000
0 0.311849 0.390278 0.087240 0.075000
0 0.313151 0.322685 0.087240 0.075000
0 0.224609 0.391204 0.087240 0.075000
0 0.224609 0.458796 0.087240 0.075000
0 0.224609 0.526389 0.087240 0.075000
0 0.224609 0.593981 0.087240 0.075000
0 0.224609 0.662500 0.087240 0.075000
0 0.225911 0.730093 0.087240 0.075000
0 0.223307 0.796759 0.087240 0.075000
0 0.137370 0.795833 0.087240 0.075000
0 0.137370 0.728241 0.087240 0.075000
0 0.137370 0.660648 0.087240 0.075000
0 0.137370 0.592130 0.087240 0.075000
0 0.137370 0.524537 0.087240 0.075000
0 0.137370 0.457870 0.087240 0.075000
0 0.313151 0.730093 0.087240 0.075000
0 0.496745 0.395833 0.087240 0.075000
0 0.495443 0.461574 0.087240 0.075000
0 0.494141 0.515278 0.087240 0.075000
0 0.586589 0.261574 0.087240 0.075000
0 0.677734 0.330093 0.087240 0.075000
0 0.768880 0.397685 0.087240 0.075000
0 0.860026 0.456944 0.087240 0.075000
0 0.586589 0.327315 0.087240 0.075000
0 0.586589 0.386574 0.087240 0.075000
0 0.673828 0.396759 0.087240 0.075000
0 0.591797 0.467130 0.087240 0.075000
0 0.682943 0.460648 0.087240 0.075000
0 0.763672 0.466204 0.087240 0.075000
0 0.767578 0.800463 0.087240 0.075000
0 0.853516 0.801389 0.087240 0.075000
0 0.589193 0.528241 0.087240 0.075000
0 0.578776 0.604167 0.087240 0.075000
0 0.590495 0.673611 0.087240 0.075000
0 0.675130 0.533796 0.087240 0.075000
0 0.673828 0.601389 0.087240 0.075000
0 0.677734 0.666204 0.087240 0.075000
0 0.672526 0.739352 0.087240 0.075000
0 0.761068 0.742130 0.087240 0.075000
0 0.856120 0.737500 0.087240 0.075000
0 0.849609 0.666204 0.087240 0.075000
0 0.757161 0.668981 0.087240 0.075000
0 0.754557 0.606019 0.087240 0.075000
0 0.845703 0.598611 0.087240 0.075000
0 0.853516 0.532870 0.087240 0.075000
0 0.759766 0.535648 0.087240 0.075000
