2 0.147135 0.214352 0.119792 0.067593
2 0.147135 0.544907 0.119792 0.067593
1 0.406901 0.256481 0.092448 0.064815
1 0.323568 0.258333 0.092448 0.064815
1 0.237630 0.258333 0.092448 0.064815
1 0.235026 0.322222 0.092448 0.064815
1 0.238932 0.391667 0.092448 0.064815
1 0.240234 0.460185 0.092448 0.064815
1 0.240234 0.533333 0.092448 0.064815
1 0.244141 0.594444 0.092448 0.064815
1 0.237630 0.662037 0.092448 0.064815
1 0.236328 0.729630 0.092448 0.064815
1 0.238932 0.793519 0.092448 0.064815
1 0.585286 0.258333 0.092448 0.064815
1 0.761068 0.253704 0.092448 0.064815
1 0.852214 0.256481 0.092448 0.064815
0 0.499349 0.257870 0.089844 0.075000
0 0.142578 0.263426 0.089844 0.075000
0 0.139974 0.321759 0.089844 0.075000
0 0.142578 0.385648 0.089844 0.075000
0 0.143880 0.458796 0.089844 0.075000
0 0.143880 0.596759 0.089844 0.075000
0 0.146484 0.663426 0.089844 0.075000
0 0.137370 0.730093 0.089844 0.075000
0 0.145182 0.793056 0.089844 0.075000
0 0.330078 0.326389 0.089844 0.075000
0 0.671224 0.263426 0.089844 0.075000
0 0.418620 0.326389 0.089844 0.075000
0 0.505859 0.326389 0.089844 0.075000
0 0.594401 0.326389 0.089844 0.075000
0 0.682943 0.326389 0.089844 0.075000
0 0.770182 0.326389 0.089844 0.075000
0 0.857422 0.327315 0.089844 0.075000
0 0.856120 0.393981 0.089844 0.075000
0 0.767578 0.393981 0.089844 0.075000
0 0.680339 0.393981 0.089844 0.075000
0 0.591797 0.393981 0.089844 0.075000
0 0.503255 0.393981 0.089844 0.075000
0 0.416016 0.393981 0.089844 0.075000
0 0.328776 0.394907 0.089844 0.075000
0 0.330078 0.461574 0.089844 0.075000
0 0.418620 0.461574 0.089844 0.075000
0 0.505859 0.461574 0.089844 0.075000
0 0.594401 0.461574 0.089844 0.075000
0 0.682943 0.461574 0.089844 0.075000
0 0.770182 0.461574 0.089844 0.075000
0 0.857422 0.462500 0.089844 0.075000
0 0.856120 0.530093 0.089844 0.075000
0 0.767578 0.530093 0.089844 0.075000
0 0.680339 0.530093 0.089844 0.075000
0 0.591797 0.530093 0.089844 0.075000
0 0.503255 0.530093 0.089844 0.075000
0 0.416016 0.530093 0.089844 0.075000
0 0.328776 0.531019 0.089844 0.075000
0 0.330078 0.597685 0.089844 0.075000
0 0.418620 0.597685 0.089844 0.075000
0 0.505859 0.597685 0.089844 0.075000
0 0.594401 0.597685 0.089844 0.075000
0 0.682943 0.597685 0.089844 0.075000
0 0.770182 0.597685 0.089844 0.075000
0 0.857422 0.598611 0.089844 0.075000
0 0.856120 0.665278 0.089844 0.075000
0 0.767578 0.665278 0.089844 0.075000
0 0.680339 0.665278 0.089844 0.075000
0 0.591797 0.665278 0.089844 0.075000
0 0.503255 0.665278 0.089844 0.075000
0 0.416016 0.665278 0.089844 0.075000
0 0.328776 0.666204 0.089844 0.075000
0 0.330078 0.732870 0.089844 0.075000
0 0.418620 0.732870 0.089844 0.075000
0 0.505859 0.732870 0.089844 0.075000
0 0.594401 0.732870 0.089844 0.075000
0 0.682943 0.732870 0.089844 0.075000
0 0.770182 0.732870 0.089844 0.075000
0 0.857422 0.733796 0.089844 0.075000
0 0.856120 0.800463 0.089844 0.075000
0 0.767578 0.800463 0.089844 0.075000
0 0.680339 0.800463 0.089844 0.075000
0 0.591797 0.800463 0.089844 0.075000
0 0.503255 0.800463 0.089844 0.075000
0 0.416016 0.800463 0.089844 0.075000
0 0.328776 0.800463 0.089844 0.075000
3 0.477865 0.117593 0.104167 0.075926
