0 0.238281 0.260648 0.091146 0.067593
0 0.236979 0.328241 0.091146 0.067593
0 0.236979 0.395833 0.091146 0.067593
0 0.236979 0.463426 0.091146 0.067593
0 0.236979 0.531944 0.091146 0.067593
0 0.236979 0.599537 0.091146 0.067593
0 0.236979 0.667130 0.091146 0.067593
0 0.238281 0.734722 0.091146 0.067593
0 0.236979 0.801389 0.091146 0.067593
0 0.325521 0.734722 0.091146 0.067593
0 0.414062 0.735648 0.091146 0.067593
0 0.412760 0.802315 0.091146 0.067593
0 0.501302 0.735648 0.091146 0.067593
0 0.587240 0.733796 0.091146 0.067593
0 0.675781 0.733796 0.091146 0.067593
0 0.763021 0.734722 0.091146 0.067593
0 0.763021 0.802315 0.091146 0.067593
0 0.325521 0.261574 0.091146 0.067593
0 0.324219 0.329167 0.091146 0.067593
0 0.324219 0.396759 0.091146 0.067593
0 0.324219 0.464352 0.091146 0.067593
0 0.324219 0.532870 0.091146 0.067593
0 0.324219 0.600463 0.091146 0.067593
0 0.325521 0.667130 0.091146 0.067593
0 0.412760 0.666204 0.091146 0.067593
0 0.412760 0.598611 0.091146 0.067593
0 0.412760 0.531019 0.091146 0.067593
0 0.412760 0.462500 0.091146 0.067593
0 0.414062 0.395833 0.091146 0.067593
0 0.501302 0.396759 0.091146 0.067593
0 0.501302 0.464352 0.091146 0.067593
0 0.501302 0.532870 0.091146 0.067593
0 0.501302 0.600463 0.091146 0.067593
0 0.502604 0.667130 0.091146 0.067593
0 0.588542 0.666204 0.091146 0.067593
0 0.588542 0.598611 0.091146 0.067593
0 0.588542 0.531019 0.091146 0.067593
0 0.588542 0.462500 0.091146 0.067593
0 0.589844 0.395833 0.091146 0.067593
0 0.677083 0.396759 0.091146 0.067593
0 0.677083 0.464352 0.091146 0.067593
0 0.677083 0.532870 0.091146 0.067593
0 0.677083 0.600463 0.091146 0.067593
0 0.678385 0.667130 0.091146 0.067593
0 0.765625 0.666204 0.091146 0.067593
0 0.765625 0.598611 0.091146 0.067593
0 0.765625 0.531019 0.091146 0.067593
0 0.765625 0.462500 0.091146 0.067593
0 0.765625 0.394907 0.091146 0.067593
0 0.765625 0.327315 0.091146 0.067593
0 0.764323 0.260648 0.091146 0.067593
0 0.677083 0.261574 0.091146 0.067593
0 0.677083 0.328241 0.091146 0.067593
1 0.414062 0.261574 0.091146 0.067593
1 0.502604 0.261574 0.091146 0.067593
1 0.589844 0.262500 0.091146 0.067593
1 0.588542 0.329167 0.091146 0.067593
1 0.500000 0.329167 0.091146 0.067593
1 0.412760 0.329167 0.091146 0.067593
1 0.319010 0.804167 0.091146 0.067593
1 0.498698 0.808796 0.091146 0.067593
1 0.678385 0.805093 0.091146 0.067593
