0 0.323568 0.259722 0.092448 0.071296
0 0.412109 0.259722 0.092448 0.071296
0 0.500651 0.259722 0.092448 0.071296
0 0.587891 0.259722 0.092448 0.071296
0 0.675130 0.260648 0.092448 0.071296
0 0.673828 0.328241 0.092448 0.071296
0 0.585286 0.328241 0.092448 0.071296
0 0.498047 0.328241 0.092448 0.071296
0 0.409505 0.328241 0.092448 0.071296
0 0.322266 0.329167 0.092448 0.071296
0 0.323568 0.395833 0.092448 0.071296
0 0.412109 0.394907 0.092448 0.071296
0 0.500651 0.395833 0.092448 0.071296
0 0.587891 0.395833 0.092448 0.071296
0 0.675130 0.396759 0.092448 0.071296
0 0.673828 0.463426 0.092448 0.071296
0 0.585286 0.463426 0.092448 0.071296
0 0.498047 0.463426 0.092448 0.071296
0 0.409505 0.463426 0.092448 0.071296
0 0.322266 0.464352 0.092448 0.071296
0 0.320964 0.531019 0.092448 0.071296
0 0.233724 0.531019 0.092448 0.071296
0 0.146484 0.531944 0.092448 0.071296
0 0.147786 0.598611 0.092448 0.071296
0 0.235026 0.599537 0.092448 0.071296
0 0.236328 0.667130 0.092448 0.071296
0 0.322266 0.666204 0.092448 0.071296
0 0.323568 0.598611 0.092448 0.071296
0 0.410807 0.597685 0.092448 0.071296
0 0.412109 0.531019 0.092448 0.071296
0 0.499349 0.531944 0.092448 0.071296
0 0.500651 0.598611 0.092448 0.071296
0 0.586589 0.597685 0.092448 0.071296
0 0.587891 0.531019 0.092448 0.071296
0 0.675130 0.531944 0.092448 0.071296
0 0.676432 0.598611 0.092448 0.071296
0 0.763672 0.599537 0.092448 0.071296
0 0.764974 0.531019 0.092448 0.071296
0 0.850911 0.531944 0.092448 0.071296
0 0.850911 0.598611 0.092448 0.071296
0 0.762370 0.667130 0.092448 0.071296
0 0.676432 0.668056 0.092448 0.071296
0 0.675130 0.734722 0.092448 0.071296
0 0.587891 0.735648 0.092448 0.071296
0 0.586589 0.802315 0.092448 0.071296
0 0.498047 0.802315 0.092448 0.071296
0 0.412109 0.801389 0.092448 0.071296
0 0.410807 0.733796 0.092448 0.071296
0 0.323568 0.734722 0.092448 0.071296
0 0.412109 0.666204 0.092448 0.071296
0 0.500651 0.667130 0.092448 0.071296
0 0.586589 0.666204 0.092448 0.071296
0 0.500651 0.734722 0.092448 0.071296
1 0.229167 0.459722 0.080729 0.063889
1 0.143229 0.458796 0.080729 0.063889
1 0.145833 0.392130 0.080729 0.063889
1 0.231771 0.391204 0.080729 0.063889
1 0.230469 0.324537 0.080729 0.063889
1 0.144531 0.323611 0.080729 0.063889
1 0.145833 0.256944 0.080729 0.063889
1 0.231771 0.256944 0.080729 0.063889
1 0.764323 0.264352 0.080729 0.063889
1 0.846354 0.262500 0.080729 0.063889
1 0.764323 0.332870 0.080729 0.063889
1 0.764323 0.400463 0.080729 0.063889
1 0.765625 0.467130 0.080729 0.063889
1 0.852865 0.466204 0.080729 0.063889
1 0.852865 0.398611 0.080729 0.063889
1 0.852865 0.331944 0.080729 0.063889
1 0.851562 0.669907 0.080729 0.063889
1 0.682292 0.805093 0.080729 0.063889
1 0.316406 0.803241 0.080729 0.063889
1 0.139323 0.673611 0.080729 0.063889
1 0.227865 0.803241 0.080729 0.063889
1 0.141927 0.802315 0.080729 0.063889
1 0.143229 0.735648 0.080729 0.063889
1 0.229167 0.735648 0.080729 0.063889
1 0.770833 0.805093 0.080729 0.063889
1 0.856771 0.804167 0.080729 0.063889
1 0.855469 0.736574 0.080729 0.063889
1 0.769531 0.736574 0.080729 0.063889
3 0.472656 0.119907 0.111979 0.075000
