2 0.319661 0.263889 0.089844 0.079630
2 0.671224 0.266667 0.089844 0.079630
1 0.416016 0.535185 0.079427 0.059259
1 0.496745 0.533333 0.079427 0.059259
1 0.578776 0.533333 0.079427 0.059259
1 0.143880 0.396296 0.079427 0.059259
1 0.228516 0.328704 0.079427 0.059259
1 0.236328 0.268519 0.079427 0.059259
1 0.146484 0.261111 0.079427 0.059259
1 0.143880 0.326852 0.079427 0.059259
1 0.762370 0.253704 0.079427 0.059259
1 0.762370 0.326852 0.079427 0.059259
1 0.850911 0.255556 0.079427 0.059259
1 0.847005 0.322222 0.079427 0.059259
1 0.848307 0.388889 0.079427 0.059259
1 0.850911 0.737963 0.079427 0.059259
1 0.853516 0.800926 0.079427 0.059259
1 0.766276 0.805556 0.079427 0.059259
1 0.232422 0.800926 0.079427 0.059259
1 0.143880 0.800926 0.079427 0.059259
1 0.146484 0.740741 0.079427 0.059259
0 0.412760 0.258796 0.098958 0.073148
0 0.500000 0.258796 0.098958 0.073148
0 0.588542 0.258796 0.098958 0.073148
0 0.673177 0.326389 0.098958 0.073148
0 0.584635 0.326389 0.098958 0.073148
0 0.496094 0.326389 0.098958 0.073148
0 0.408854 0.326389 0.098958 0.073148
0 0.321615 0.327315 0.098958 0.073148
0 0.321615 0.394907 0.098958 0.073148
0 0.233073 0.394907 0.098958 0.073148
0 0.231771 0.461574 0.098958 0.073148
0 0.145833 0.462500 0.098958 0.073148
0 0.147135 0.529167 0.098958 0.073148
0 0.234375 0.529167 0.098958 0.073148
0 0.321615 0.529167 0.098958 0.073148
0 0.324219 0.466204 0.098958 0.073148
0 0.410156 0.394907 0.098958 0.073148
0 0.498698 0.394907 0.098958 0.073148
0 0.585938 0.394907 0.098958 0.073148
0 0.674479 0.394907 0.098958 0.073148
0 0.761719 0.395833 0.098958 0.073148
0 0.761719 0.462500 0.098958 0.073148
0 0.671875 0.462500 0.098958 0.073148
0 0.583333 0.462500 0.098958 0.073148
0 0.496094 0.462500 0.098958 0.073148
0 0.410156 0.462500 0.098958 0.073148
0 0.848958 0.463426 0.098958 0.073148
0 0.847656 0.530093 0.098958 0.073148
0 0.759115 0.530093 0.098958 0.073148
0 0.673177 0.531019 0.098958 0.073148
0 0.674479 0.598611 0.098958 0.073148
0 0.761719 0.598611 0.098958 0.073148
0 0.848958 0.599537 0.098958 0.073148
0 0.847656 0.666204 0.098958 0.073148
0 0.759115 0.666204 0.098958 0.073148
0 0.673177 0.667130 0.098958 0.073148
0 0.674479 0.734722 0.098958 0.073148
0 0.760417 0.733796 0.098958 0.073148
0 0.673177 0.801389 0.098958 0.073148
0 0.587240 0.800463 0.098958 0.073148
0 0.587240 0.732870 0.098958 0.073148
0 0.587240 0.665278 0.098958 0.073148
0 0.585938 0.598611 0.098958 0.073148
0 0.498698 0.599537 0.098958 0.073148
0 0.498698 0.667130 0.098958 0.073148
0 0.498698 0.734722 0.098958 0.073148
0 0.497396 0.801389 0.098958 0.073148
0 0.410156 0.800463 0.098958 0.073148
0 0.410156 0.732870 0.098958 0.073148
0 0.410156 0.665278 0.098958 0.073148
0 0.408854 0.598611 0.098958 0.073148
0 0.321615 0.598611 0.098958 0.073148
0 0.233073 0.598611 0.098958 0.073148
0 0.145833 0.599537 0.098958 0.073148
0 0.147135 0.666204 0.098958 0.073148
0 0.235677 0.666204 0.098958 0.073148
0 0.322917 0.667130 0.098958 0.073148
0 0.321615 0.734722 0.098958 0.073148
0 0.234375 0.733796 0.098958 0.073148
3 0.472005 0.114352 0.108073 0.071296
