0 0.419842 0.231579 0.095926 0.070813
0 0.511827 0.232536 0.095926 0.070813
0 0.602497 0.231579 0.095926 0.070813
0 0.603811 0.302392 0.095926 0.070813
0 0.695795 0.303349 0.095926 0.070813
0 0.509198 0.304306 0.095926 0.070813
0 0.423784 0.304306 0.095926 0.070813
0 0.326544 0.305263 0.095926 0.070813
0 0.331800 0.376077 0.095926 0.070813
0 0.241130 0.374163 0.095926 0.070813
0 0.243758 0.442105 0.095926 0.070813
0 0.337057 0.443062 0.095926 0.070813
0 0.425099 0.444019 0.095926 0.070813
0 0.514455 0.448804 0.095926 0.070813
0 0.513141 0.376077 0.095926 0.070813
0 0.425099 0.376077 0.095926 0.070813
0 0.334428 0.374163 0.095926 0.070813
0 0.597240 0.375120 0.095926 0.070813
0 0.697109 0.374163 0.095926 0.070813
0 0.782523 0.372249 0.095926 0.070813
0 0.779895 0.444976 0.095926 0.070813
0 0.694481 0.445933 0.095926 0.070813
0 0.605125 0.446890 0.095926 0.070813
0 0.157030 0.514833 0.095926 0.070813
0 0.249014 0.515789 0.095926 0.070813
0 0.334428 0.518660 0.095926 0.070813
0 0.426413 0.517703 0.095926 0.070813
0 0.514455 0.516746 0.095926 0.070813
0 0.599869 0.519617 0.095926 0.070813
0 0.687911 0.516746 0.095926 0.070813
0 0.779895 0.518660 0.095926 0.070813
0 0.869251 0.516746 0.095926 0.070813
0 0.870565 0.581818 0.095926 0.070813
0 0.775953 0.587560 0.095926 0.070813
0 0.691853 0.586603 0.095926 0.070813
0 0.601183 0.589474 0.095926 0.070813
0 0.517083 0.586603 0.095926 0.070813
0 0.422470 0.589474 0.095926 0.070813
0 0.331800 0.589474 0.095926 0.070813
0 0.245072 0.586603 0.095926 0.070813
0 0.159658 0.584689 0.095926 0.070813
0 0.155716 0.656459 0.095926 0.070813
0 0.243758 0.659330 0.095926 0.070813
0 0.335742 0.657416 0.095926 0.070813
0 0.419842 0.656459 0.095926 0.070813
0 0.517083 0.657416 0.095926 0.070813
0 0.599869 0.657416 0.095926 0.070813
0 0.687911 0.657416 0.095926 0.070813
0 0.781209 0.655502 0.095926 0.070813
0 0.874507 0.658373 0.095926 0.070813
0 0.777267 0.729187 0.095926 0.070813
0 0.693167 0.727273 0.095926 0.070813
0 0.601183 0.727273 0.095926 0.070813
0 0.511827 0.728230 0.095926 0.070813
0 0.426413 0.729187 0.095926 0.070813
0 0.338371 0.722488 0.095926 0.070813
0 0.241130 0.727273 0.095926 0.070813
0 0.246386 0.795215 0.095926 0.070813
0 0.334428 0.797129 0.095926 0.070813
0 0.417214 0.799043 0.095926 0.070813
0 0.513141 0.798086 0.095926 0.070813
0 0.603811 0.799043 0.095926 0.070813
0 0.690539 0.797129 0.095926 0.070813
0 0.779895 0.798086 0.095926 0.070813
1 0.157030 0.728230 0.095926 0.070813
1 0.157030 0.795215 0.095926 0.070813
1 0.151774 0.450718 0.095926 0.070813
1 0.151774 0.373206 0.095926 0.070813
1 0.149146 0.298565 0.095926 0.070813
1 0.238502 0.298565 0.095926 0.070813
1 0.327858 0.230622 0.095926 0.070813
1 0.235874 0.229665 0.095926 0.070813
1 0.147832 0.225837 0.095926 0.070813
1 0.701051 0.229665 0.095926 0.070813
1 0.793035 0.227751 0.095926 0.070813
1 0.782523 0.301435 0.095926 0.070813
1 0.879763 0.230144 0.095926 0.071770
1 0.878449 0.302392 0.095926 0.070813
1 0.877135 0.371292 0.095926 0.070813
1 0.874507 0.444976 0.095926 0.070813
1 0.870565 0.724402 0.095926 0.070813
1 0.873193 0.793301 0.095926 0.070813
3 0.405388 0.086124 0.088042 0.063158
3 0.572273 0.086124 0.088042 0.063158
