0 0.238932 0.327778 0.089844 0.068519
0 0.327474 0.327778 0.089844 0.068519
0 0.416016 0.327778 0.089844 0.068519
0 0.503255 0.327778 0.089844 0.068519
0 0.591797 0.327778 0.089844 0.068519
0 0.680339 0.327778 0.089844 0.068519
0 0.766276 0.328704 0.089844 0.068519
0 0.764974 0.395370 0.089844 0.068519
0 0.677734 0.395370 0.089844 0.068519
0 0.587891 0.395370 0.089844 0.068519
0 0.500651 0.395370 0.089844 0.068519
0 0.413411 0.395370 0.089844 0.068519
0 0.324870 0.395370 0.089844 0.068519
0 0.237630 0.396296 0.089844 0.068519
0 0.238932 0.462963 0.089844 0.068519
0 0.327474 0.462963 0.089844 0.068519
0 0.416016 0.462963 0.089844 0.068519
0 0.503255 0.462963 0.089844 0.068519
0 0.591797 0.462963 0.089844 0.068519
0 0.680339 0.462963 0.089844 0.068519
0 0.766276 0.463889 0.089844 0.068519
0 0.764974 0.531481 0.089844 0.068519
0 0.675130 0.531481 0.089844 0.068519
0 0.589193 0.531481 0.089844 0.068519
0 0.500651 0.531481 0.089844 0.068519
0 0.413411 0.531481 0.089844 0.068519
0 0.324870 0.531481 0.089844 0.068519
0 0.237630 0.532407 0.089844 0.068519
0 0.238932 0.599074 0.089844 0.068519
0 0.327474 0.599074 0.089844 0.068519
0 0.416016 0.599074 0.089844 0.068519
0 0.503255 0.599074 0.089844 0.068519
0 0.591797 0.599074 0.089844 0.068519
0 0.680339 0.599074 0.089844 0.068519
0 0.766276 0.600000 0.089844 0.068519
0 0.764974 0.666667 0.089844 0.068519
0 0.677734 0.666667 0.089844 0.068519
0 0.589193 0.666667 0.089844 0.068519
0 0.500651 0.666667 0.089844 0.068519
0 0.413411 0.666667 0.089844 0.068519
0 0.324870 0.666667 0.089844 0.068519
0 0.237630 0.667593 0.089844 0.068519
0 0.238932 0.734259 0.089844 0.068519
0 0.327474 0.734259 0.089844 0.068519
0 0.416016 0.734259 0.089844 0.068519
0 0.503255 0.734259 0.089844 0.068519
0 0.591797 0.734259 0.089844 0.068519
0 0.680339 0.734259 0.089844 0.068519
0 0.766276 0.734259 0.089844 0.068519
2 0.234375 0.258796 0.096354 0.071296
2 0.766927 0.261574 0.096354 0.071296
3 0.397135 0.116204 0.093750 0.071296
3 0.564453 0.118056 0.102865 0.069444
