2 0.145833 0.268056 0.093750 0.075000
2 0.414062 0.206019 0.093750 0.075000
2 0.666667 0.206944 0.093750 0.075000
2 0.855469 0.265278 0.093750 0.075000
2 0.675781 0.404167 0.093750 0.075000
2 0.769531 0.339352 0.093750 0.075000
2 0.234375 0.338426 0.093750 0.075000
2 0.325521 0.405093 0.093750 0.075000
1 0.414714 0.471759 0.066406 0.060185
1 0.410807 0.535648 0.066406 0.060185
1 0.410807 0.600463 0.066406 0.060185
1 0.582682 0.464352 0.066406 0.060185
1 0.583984 0.524537 0.066406 0.060185
1 0.583984 0.595833 0.066406 0.060185
1 0.673828 0.665278 0.066406 0.060185
1 0.749349 0.738426 0.066406 0.060185
1 0.322266 0.666204 0.066406 0.060185
1 0.235026 0.734722 0.066406 0.060185
0 0.233724 0.259259 0.084635 0.075926
0 0.320964 0.259259 0.084635 0.075926
0 0.409505 0.259259 0.084635 0.075926
0 0.498047 0.259259 0.084635 0.075926
0 0.585286 0.259259 0.084635 0.075926
0 0.673828 0.259259 0.084635 0.075926
0 0.761068 0.259259 0.084635 0.075926
0 0.858724 0.338889 0.084635 0.075926
0 0.858724 0.406481 0.084635 0.075926
0 0.858724 0.475000 0.084635 0.075926
0 0.858724 0.542593 0.084635 0.075926
0 0.858724 0.610185 0.084635 0.075926
0 0.858724 0.677778 0.084635 0.075926
0 0.858724 0.746296 0.084635 0.075926
0 0.858724 0.812963 0.084635 0.075926
0 0.774089 0.808333 0.084635 0.075926
0 0.759766 0.665741 0.084635 0.075926
0 0.763672 0.601852 0.084635 0.075926
0 0.763672 0.536111 0.084635 0.075926
0 0.766276 0.474074 0.084635 0.075926
0 0.755859 0.408333 0.084635 0.075926
0 0.755859 0.262963 0.084635 0.075926
0 0.669922 0.337037 0.084635 0.075926
0 0.587891 0.333333 0.084635 0.075926
0 0.583984 0.396296 0.084635 0.075926
0 0.500651 0.332407 0.084635 0.075926
0 0.503255 0.394444 0.084635 0.075926
0 0.412109 0.396296 0.084635 0.075926
0 0.416016 0.332407 0.084635 0.075926
0 0.328776 0.326852 0.084635 0.075926
0 0.143880 0.338889 0.084635 0.075926
0 0.143880 0.404630 0.084635 0.075926
0 0.232422 0.404630 0.084635 0.075926
0 0.145182 0.459259 0.084635 0.075926
0 0.227214 0.466667 0.084635 0.075926
0 0.322266 0.463889 0.084635 0.075926
0 0.323568 0.535185 0.084635 0.075926
0 0.233724 0.537963 0.084635 0.075926
0 0.146484 0.536111 0.084635 0.075926
0 0.147786 0.600926 0.084635 0.075926
0 0.231120 0.600926 0.084635 0.075926
0 0.238932 0.660185 0.084635 0.075926
0 0.149089 0.674074 0.084635 0.075926
0 0.150391 0.719444 0.084635 0.075926
0 0.143880 0.800926 0.084635 0.075926
0 0.229818 0.803704 0.084635 0.075926
0 0.672526 0.804630 0.084635 0.075926
0 0.488932 0.531481 0.084635 0.075926
0 0.487630 0.464815 0.084635 0.075926
0 0.495443 0.600000 0.084635 0.075926
0 0.328776 0.798148 0.084635 0.075926
0 0.404297 0.798148 0.084635 0.075926
0 0.505859 0.802778 0.084635 0.075926
0 0.591797 0.805556 0.084635 0.075926
0 0.676432 0.806481 0.084635 0.075926
0 0.669922 0.738889 0.084635 0.075926
0 0.582682 0.738889 0.084635 0.075926
0 0.499349 0.735185 0.084635 0.075926
0 0.416016 0.734259 0.084635 0.075926
0 0.335286 0.734259 0.084635 0.075926
0 0.414714 0.663889 0.084635 0.075926
0 0.494141 0.663889 0.084635 0.075926
0 0.589193 0.665741 0.084635 0.075926
