0 0.321615 0.258333 0.093750 0.072222
0 0.410156 0.258333 0.093750 0.072222
0 0.497396 0.258333 0.093750 0.072222
0 0.585938 0.258333 0.093750 0.072222
0 0.673177 0.259259 0.093750 0.072222
0 0.671875 0.325926 0.093750 0.072222
0 0.583333 0.325926 0.093750 0.072222
0 0.494792 0.325926 0.093750 0.072222
0 0.407552 0.325926 0.093750 0.072222
0 0.320312 0.326852 0.093750 0.072222
0 0.321615 0.394444 0.093750 0.072222
0 0.410156 0.394444 0.093750 0.072222
0 0.497396 0.394444 0.093750 0.072222
0 0.585938 0.394444 0.093750 0.072222
0 0.673177 0.395370 0.093750 0.072222
0 0.671875 0.462037 0.093750 0.072222
0 0.583333 0.462037 0.093750 0.072222
0 0.494792 0.462037 0.093750 0.072222
0 0.407552 0.462037 0.093750 0.072222
0 0.320312 0.462963 0.093750 0.072222
0 0.321615 0.529630 0.093750 0.072222
0 0.408854 0.530556 0.093750 0.072222
0 0.407552 0.597222 0.093750 0.072222
0 0.320312 0.598148 0.093750 0.072222
0 0.321615 0.665741 0.093750 0.072222
0 0.408854 0.666667 0.093750 0.072222
0 0.407552 0.733333 0.093750 0.072222
0 0.319010 0.734259 0.093750 0.072222
0 0.321615 0.800926 0.093750 0.072222
0 0.410156 0.800926 0.093750 0.072222
0 0.496094 0.800000 0.093750 0.072222
0 0.496094 0.732407 0.093750 0.072222
0 0.496094 0.663889 0.093750 0.072222
0 0.496094 0.595370 0.093750 0.072222
0 0.497396 0.528704 0.093750 0.072222
0 0.584635 0.529630 0.093750 0.072222
0 0.584635 0.597222 0.093750 0.072222
0 0.584635 0.665741 0.093750 0.072222
0 0.584635 0.733333 0.093750 0.072222
0 0.585938 0.800000 0.093750 0.072222
0 0.673177 0.799074 0.093750 0.072222
0 0.673177 0.731481 0.093750 0.072222
0 0.673177 0.663889 0.093750 0.072222
0 0.673177 0.595370 0.093750 0.072222
0 0.674479 0.528704 0.093750 0.072222
0 0.760417 0.529630 0.093750 0.072222
0 0.760417 0.597222 0.093750 0.072222
0 0.761719 0.665741 0.093750 0.072222
0 0.760417 0.732407 0.093750 0.072222
0 0.847656 0.664815 0.093750 0.072222
0 0.847656 0.597222 0.093750 0.072222
0 0.847656 0.529630 0.093750 0.072222
0 0.847656 0.461111 0.093750 0.072222
0 0.847656 0.393519 0.093750 0.072222
0 0.846354 0.326852 0.093750 0.072222
0 0.760417 0.327778 0.093750 0.072222
0 0.760417 0.395370 0.093750 0.072222
0 0.760417 0.462037 0.093750 0.072222
0 0.231771 0.733333 0.093750 0.072222
0 0.231771 0.665741 0.093750 0.072222
0 0.231771 0.598148 0.093750 0.072222
0 0.231771 0.529630 0.093750 0.072222
0 0.231771 0.462037 0.093750 0.072222
0 0.231771 0.394444 0.093750 0.072222
0 0.230469 0.327778 0.093750 0.072222
0 0.144531 0.328704 0.093750 0.072222
0 0.144531 0.396296 0.093750 0.072222
0 0.144531 0.463889 0.093750 0.072222
0 0.144531 0.531481 0.093750 0.072222
0 0.144531 0.600000 0.093750 0.072222
0 0.144531 0.666667 0.093750 0.072222
2 0.231771 0.257407 0.080729 0.066667
2 0.763021 0.255556 0.080729 0.066667
1 0.847656 0.257870 0.085938 0.067593
1 0.144531 0.254167 0.085938 0.067593
1 0.135417 0.743056 0.085938 0.067593
1 0.136719 0.809722 0.085938 0.067593
1 0.223958 0.809722 0.085938 0.067593
1 0.763021 0.801389 0.085938 0.067593
1 0.848958 0.799537 0.085938 0.067593
1 0.848958 0.729167 0.085938 0.067593
3 0.391276 0.107870 0.087240 0.056481
3 0.498698 0.107870 0.085938 0.054630
3 0.606120 0.109722 0.089844 0.060185
