2 0.322266 0.340741 0.102865 0.068519
2 0.410807 0.340741 0.102865 0.068519
2 0.498047 0.340741 0.102865 0.068519
2 0.587891 0.340741 0.102865 0.068519
2 0.675130 0.340741 0.102865 0.068519
1 0.140625 0.327315 0.098958 0.062037
1 0.140625 0.256019 0.098958 0.062037
1 0.229167 0.261574 0.098958 0.062037
1 0.229167 0.329167 0.098958 0.062037
1 0.229167 0.396759 0.098958 0.062037
1 0.229167 0.464352 0.098958 0.062037
1 0.229167 0.532870 0.098958 0.062037
1 0.229167 0.600463 0.098958 0.062037
1 0.229167 0.668056 0.098958 0.062037
1 0.229167 0.734722 0.098958 0.062037
1 0.141927 0.735648 0.098958 0.062037
1 0.143229 0.803241 0.098958 0.062037
1 0.229167 0.803241 0.098958 0.062037
1 0.316406 0.734722 0.098958 0.062037
1 0.404948 0.734722 0.098958 0.062037
1 0.493490 0.734722 0.098958 0.062037
1 0.843750 0.735648 0.098958 0.062037
1 0.842448 0.802315 0.098958 0.062037
1 0.756510 0.802315 0.098958 0.062037
1 0.757812 0.530093 0.098958 0.062037
1 0.757812 0.462500 0.098958 0.062037
1 0.757812 0.394907 0.098958 0.062037
0 0.324219 0.264815 0.093750 0.077778
0 0.411458 0.264815 0.093750 0.077778
0 0.500000 0.264815 0.093750 0.077778
0 0.588542 0.264815 0.093750 0.077778
0 0.141927 0.399074 0.093750 0.077778
0 0.141927 0.466667 0.093750 0.077778
0 0.141927 0.535185 0.093750 0.077778
0 0.141927 0.602778 0.093750 0.077778
0 0.141927 0.669444 0.093750 0.077778
0 0.320312 0.804630 0.093750 0.077778
0 0.408854 0.804630 0.093750 0.077778
0 0.496094 0.804630 0.093750 0.077778
0 0.671875 0.804630 0.093750 0.077778
0 0.846354 0.663889 0.093750 0.077778
0 0.846354 0.460185 0.093750 0.077778
0 0.411458 0.399074 0.093750 0.077778
0 0.498698 0.399074 0.093750 0.077778
0 0.587240 0.399074 0.093750 0.077778
0 0.674479 0.400000 0.093750 0.077778
0 0.673177 0.466667 0.093750 0.077778
0 0.584635 0.466667 0.093750 0.077778
0 0.496094 0.466667 0.093750 0.077778
0 0.408854 0.466667 0.093750 0.077778
0 0.321615 0.467593 0.093750 0.077778
0 0.322917 0.534259 0.093750 0.077778
0 0.410156 0.534259 0.093750 0.077778
0 0.582031 0.533333 0.093750 0.077778
0 0.669271 0.534259 0.093750 0.077778
0 0.667969 0.600926 0.093750 0.077778
0 0.579427 0.600926 0.093750 0.077778
0 0.492188 0.600926 0.093750 0.077778
0 0.403646 0.600926 0.093750 0.077778
0 0.316406 0.601852 0.093750 0.077778
0 0.317708 0.668519 0.093750 0.077778
0 0.406250 0.668519 0.093750 0.077778
0 0.494792 0.668519 0.093750 0.077778
0 0.582031 0.668519 0.093750 0.077778
0 0.669271 0.668519 0.093750 0.077778
2 0.322266 0.402778 0.079427 0.062963
2 0.848307 0.407407 0.079427 0.062963
1 0.675130 0.259722 0.100260 0.071296
1 0.762370 0.259722 0.100260 0.071296
1 0.849609 0.260648 0.100260 0.071296
1 0.848307 0.327315 0.100260 0.071296
1 0.761068 0.327315 0.100260 0.071296
1 0.857422 0.535648 0.100260 0.071296
1 0.856120 0.602315 0.100260 0.071296
1 0.768880 0.603241 0.100260 0.071296
1 0.768880 0.670833 0.100260 0.071296
1 0.767578 0.738426 0.100260 0.071296
1 0.679036 0.738426 0.100260 0.071296
1 0.593099 0.739352 0.100260 0.071296
1 0.593099 0.806019 0.100260 0.071296
3 0.472005 0.116667 0.100260 0.070370
