0 0.146484 0.259259 0.089844 0.070370
0 0.233724 0.259259 0.089844 0.070370
0 0.322266 0.259259 0.089844 0.070370
0 0.410807 0.259259 0.089844 0.070370
0 0.498047 0.259259 0.089844 0.070370
0 0.586589 0.259259 0.089844 0.070370
0 0.675130 0.259259 0.089844 0.070370
0 0.762370 0.259259 0.089844 0.070370
0 0.849609 0.260185 0.089844 0.070370
0 0.848307 0.326852 0.089844 0.070370
0 0.759766 0.326852 0.089844 0.070370
0 0.672526 0.326852 0.089844 0.070370
0 0.583984 0.326852 0.089844 0.070370
0 0.495443 0.326852 0.089844 0.070370
0 0.408203 0.326852 0.089844 0.070370
0 0.319661 0.326852 0.089844 0.070370
0 0.231120 0.326852 0.089844 0.070370
0 0.145182 0.327778 0.089844 0.070370
0 0.146484 0.395370 0.089844 0.070370
0 0.233724 0.395370 0.089844 0.070370
0 0.322266 0.395370 0.089844 0.070370
0 0.410807 0.395370 0.089844 0.070370
0 0.498047 0.395370 0.089844 0.070370
0 0.586589 0.395370 0.089844 0.070370
0 0.675130 0.395370 0.089844 0.070370
0 0.762370 0.395370 0.089844 0.070370
0 0.849609 0.396296 0.089844 0.070370
0 0.848307 0.462963 0.089844 0.070370
0 0.759766 0.462963 0.089844 0.070370
0 0.672526 0.462963 0.089844 0.070370
0 0.583984 0.462963 0.089844 0.070370
0 0.495443 0.462963 0.089844 0.070370
0 0.408203 0.462963 0.089844 0.070370
0 0.319661 0.462963 0.089844 0.070370
0 0.231120 0.462963 0.089844 0.070370
0 0.145182 0.463889 0.089844 0.070370
0 0.146484 0.530556 0.089844 0.070370
0 0.233724 0.530556 0.089844 0.070370
0 0.322266 0.530556 0.089844 0.070370
0 0.410807 0.530556 0.089844 0.070370
0 0.498047 0.530556 0.089844 0.070370
0 0.586589 0.530556 0.089844 0.070370
0 0.675130 0.530556 0.089844 0.070370
0 0.762370 0.531481 0.089844 0.070370
0 0.849609 0.530556 0.089844 0.070370
0 0.761068 0.598148 0.089844 0.070370
0 0.672526 0.598148 0.089844 0.070370
0 0.583984 0.598148 0.089844 0.070370
0 0.496745 0.598148 0.089844 0.070370
0 0.408203 0.598148 0.089844 0.070370
0 0.319661 0.599074 0.089844 0.070370
0 0.233724 0.598148 0.089844 0.070370
0 0.320964 0.666667 0.089844 0.070370
0 0.409505 0.666667 0.089844 0.070370
0 0.496745 0.666667 0.089844 0.070370
0 0.585286 0.667593 0.089844 0.070370
0 0.672526 0.666667 0.089844 0.070370
0 0.583984 0.734259 0.089844 0.070370
0 0.495443 0.735185 0.089844 0.070370
0 0.409505 0.734259 0.089844 0.070370
0 0.495443 0.801852 0.089844 0.070370
2 0.321615 0.201852 0.091146 0.048148
2 0.506510 0.202778 0.091146 0.048148
2 0.677083 0.201852 0.091146 0.048148
1 0.140625 0.600000 0.088542 0.066667
1 0.136719 0.668519 0.088542 0.066667
1 0.408854 0.804630 0.088542 0.066667
1 0.321615 0.742593 0.088542 0.066667
1 0.584635 0.803704 0.088542 0.066667
1 0.856771 0.605556 0.088542 0.066667
1 0.855469 0.672222 0.088542 0.066667
1 0.769531 0.673148 0.088542 0.066667
1 0.768229 0.740741 0.088542 0.066667
1 0.680990 0.741667 0.088542 0.066667
1 0.682292 0.808333 0.088542 0.066667
1 0.770833 0.808333 0.088542 0.066667
1 0.856771 0.807407 0.088542 0.066667
1 0.856771 0.740741 0.088542 0.066667
1 0.321615 0.804630 0.088542 0.066667
1 0.233073 0.804630 0.088542 0.066667
1 0.145833 0.803704 0.088542 0.066667
1 0.147135 0.737037 0.088542 0.066667
1 0.234375 0.736111 0.088542 0.066667
1 0.234375 0.669444 0.088542 0.066667
