0 0.147135 0.259259 0.088542 0.068519
0 0.235677 0.259259 0.088542 0.068519
0 0.324219 0.259259 0.088542 0.068519
0 0.411458 0.259259 0.088542 0.068519
0 0.500000 0.259259 0.088542 0.068519
0 0.588542 0.259259 0.088542 0.068519
0 0.675781 0.259259 0.088542 0.068519
0 0.764323 0.259259 0.088542 0.068519
0 0.851562 0.260185 0.088542 0.068519
0 0.850260 0.327778 0.088542 0.068519
0 0.761719 0.327778 0.088542 0.068519
0 0.672526 0.327778 0.089844 0.068519
0 0.585286 0.327778 0.089844 0.068519
0 0.496745 0.327778 0.089844 0.068519
0 0.408203 0.327778 0.089844 0.068519
0 0.320964 0.327778 0.089844 0.068519
0 0.232422 0.327778 0.089844 0.068519
0 0.145182 0.328704 0.089844 0.068519
0 0.146484 0.395370 0.089844 0.068519
0 0.235026 0.395370 0.089844 0.068519
0 0.322266 0.396296 0.089844 0.068519
0 0.320964 0.462963 0.089844 0.068519
0 0.232422 0.462963 0.089844 0.068519
0 0.145182 0.463889 0.089844 0.068519
0 0.146484 0.530556 0.089844 0.068519
0 0.233724 0.531481 0.089844 0.068519
0 0.232422 0.598148 0.089844 0.068519
0 0.145182 0.599074 0.089844 0.068519
0 0.146484 0.666667 0.089844 0.068519
0 0.233724 0.667593 0.089844 0.068519
0 0.232422 0.734259 0.089844 0.068519
0 0.145182 0.735185 0.089844 0.068519
0 0.146484 0.801852 0.089844 0.068519
0 0.235026 0.801852 0.089844 0.068519
0 0.322266 0.800926 0.089844 0.068519
0 0.322266 0.733333 0.089844 0.068519
0 0.322266 0.665741 0.089844 0.068519
0 0.322266 0.598148 0.089844 0.068519
0 0.412109 0.736111 0.089844 0.068519
0 0.413411 0.803704 0.089844 0.068519
0 0.501953 0.803704 0.089844 0.068519
0 0.589193 0.802778 0.089844 0.068519
0 0.586589 0.735185 0.089844 0.068519
0 0.500651 0.734259 0.089844 0.068519
0 0.500651 0.665741 0.089844 0.068519
0 0.500651 0.598148 0.089844 0.068519
0 0.500651 0.530556 0.089844 0.068519
0 0.412109 0.531481 0.089844 0.068519
0 0.587891 0.531481 0.089844 0.068519
0 0.500651 0.462037 0.089844 0.068519
0 0.500651 0.395370 0.089844 0.068519
0 0.677083 0.802778 0.088542 0.068519
0 0.765625 0.802778 0.088542 0.068519
0 0.852865 0.801852 0.088542 0.068519
0 0.851562 0.735185 0.088542 0.068519
0 0.763021 0.735185 0.088542 0.068519
0 0.675781 0.734259 0.088542 0.068519
0 0.675781 0.666667 0.088542 0.068519
0 0.677083 0.599074 0.088542 0.068519
0 0.764323 0.600000 0.088542 0.068519
0 0.765625 0.667593 0.088542 0.068519
0 0.852865 0.666667 0.088542 0.068519
0 0.852865 0.598148 0.088542 0.068519
0 0.851562 0.531481 0.088542 0.068519
0 0.764323 0.530556 0.088542 0.068519
0 0.765625 0.463889 0.088542 0.068519
0 0.852865 0.462963 0.088542 0.068519
0 0.851562 0.396296 0.088542 0.068519
0 0.763021 0.396296 0.088542 0.068519
0 0.675781 0.397222 0.088542 0.068519
0 0.675781 0.463889 0.088542 0.068519
1 0.409505 0.396296 0.082031 0.066667
1 0.409505 0.463889 0.082031 0.066667
1 0.317057 0.529630 0.082031 0.066667
1 0.406901 0.599074 0.082031 0.066667
1 0.412109 0.663889 0.082031 0.066667
1 0.583984 0.667593 0.082031 0.066667
1 0.581380 0.602778 0.082031 0.066667
1 0.672526 0.533333 0.082031 0.066667
1 0.583984 0.461111 0.082031 0.066667
1 0.585286 0.396296 0.082031 0.066667
