2 0.322917 0.214352 0.106771 0.063889
2 0.671875 0.207870 0.106771 0.063889
1 0.139323 0.461574 0.091146 0.065741
1 0.139323 0.393981 0.091146 0.065741
1 0.139323 0.326389 0.091146 0.065741
1 0.140625 0.258796 0.091146 0.065741
1 0.227865 0.259722 0.091146 0.065741
1 0.227865 0.328241 0.091146 0.065741
1 0.227865 0.394907 0.091146 0.065741
1 0.856771 0.455093 0.091146 0.065741
1 0.764323 0.392130 0.091146 0.065741
1 0.852865 0.394907 0.091146 0.065741
0 0.325521 0.264815 0.101562 0.068519
1 0.764323 0.327315 0.085938 0.063889
1 0.845052 0.327315 0.085938 0.063889
1 0.845052 0.256019 0.085938 0.063889
1 0.776042 0.259722 0.085938 0.063889
0 0.325521 0.332407 0.101562 0.068519
0 0.325521 0.399074 0.101562 0.068519
0 0.671875 0.257407 0.101562 0.068519
0 0.671875 0.330556 0.101562 0.068519
0 0.680990 0.391667 0.101562 0.068519
0 0.760417 0.462963 0.101562 0.068519
0 0.671875 0.470370 0.101562 0.068519
0 0.582031 0.465741 0.101562 0.068519
0 0.502604 0.469444 0.101562 0.068519
0 0.411458 0.462963 0.101562 0.068519
0 0.326823 0.468519 0.101562 0.068519
0 0.234375 0.465741 0.101562 0.068519
0 0.139323 0.529630 0.101562 0.068519
0 0.227865 0.529630 0.101562 0.068519
0 0.315104 0.529630 0.101562 0.068519
0 0.403646 0.529630 0.101562 0.068519
0 0.492188 0.529630 0.101562 0.068519
0 0.579427 0.529630 0.101562 0.068519
0 0.667969 0.529630 0.101562 0.068519
0 0.756510 0.529630 0.101562 0.068519
0 0.842448 0.530556 0.101562 0.068519
0 0.841146 0.597222 0.101562 0.068519
0 0.753906 0.597222 0.101562 0.068519
0 0.664714 0.597222 0.102865 0.068519
0 0.576172 0.597222 0.102865 0.068519
0 0.488932 0.597222 0.102865 0.068519
0 0.400391 0.597222 0.102865 0.068519
0 0.311849 0.597222 0.102865 0.068519
0 0.224609 0.597222 0.102865 0.068519
0 0.137370 0.598148 0.102865 0.068519
0 0.138672 0.664815 0.102865 0.068519
0 0.227214 0.664815 0.102865 0.068519
0 0.314453 0.664815 0.102865 0.068519
0 0.402995 0.664815 0.102865 0.068519
0 0.491536 0.664815 0.102865 0.068519
0 0.578776 0.664815 0.102865 0.068519
0 0.667318 0.664815 0.102865 0.068519
0 0.756510 0.664815 0.101562 0.068519
0 0.842448 0.665741 0.101562 0.068519
0 0.841146 0.733333 0.101562 0.068519
0 0.753906 0.733333 0.101562 0.068519
0 0.664714 0.733333 0.102865 0.068519
0 0.576172 0.733333 0.102865 0.068519
0 0.488932 0.733333 0.102865 0.068519
0 0.400391 0.733333 0.102865 0.068519
0 0.311849 0.733333 0.102865 0.068519
0 0.224609 0.733333 0.102865 0.068519
0 0.137370 0.734259 0.102865 0.068519
0 0.138672 0.800926 0.102865 0.068519
0 0.227214 0.800926 0.102865 0.068519
0 0.314453 0.800926 0.102865 0.068519
0 0.402995 0.800926 0.102865 0.068519
0 0.491536 0.800926 0.102865 0.068519
0 0.578776 0.800926 0.102865 0.068519
0 0.667318 0.800926 0.102865 0.068519
0 0.756510 0.800926 0.101562 0.068519
0 0.842448 0.800926 0.101562 0.068519
3 0.469401 0.115741 0.113281 0.075926
