0 0.408203 0.258333 0.092448 0.072222
0 0.496745 0.258333 0.092448 0.072222
0 0.582682 0.259259 0.092448 0.072222
0 0.583984 0.326852 0.092448 0.072222
0 0.671224 0.327778 0.092448 0.072222
0 0.672526 0.394444 0.092448 0.072222
0 0.759766 0.395370 0.092448 0.072222
0 0.759766 0.462963 0.092448 0.072222
0 0.761068 0.529630 0.092448 0.072222
0 0.847005 0.530556 0.092448 0.072222
0 0.847005 0.599074 0.092448 0.072222
0 0.845703 0.665741 0.092448 0.072222
0 0.759766 0.666667 0.092448 0.072222
0 0.759766 0.734259 0.092448 0.072222
0 0.758464 0.800926 0.092448 0.072222
0 0.669922 0.800926 0.092448 0.072222
0 0.581380 0.800926 0.092448 0.072222
0 0.494141 0.800926 0.092448 0.072222
0 0.405599 0.800926 0.092448 0.072222
0 0.317057 0.800926 0.092448 0.072222
0 0.231120 0.800000 0.092448 0.072222
0 0.231120 0.732407 0.092448 0.072222
0 0.229818 0.665741 0.092448 0.072222
0 0.142578 0.664815 0.092448 0.072222
0 0.142578 0.597222 0.092448 0.072222
0 0.143880 0.529630 0.092448 0.072222
0 0.231120 0.528704 0.092448 0.072222
0 0.229818 0.461111 0.092448 0.072222
0 0.232422 0.394444 0.092448 0.072222
0 0.318359 0.393519 0.092448 0.072222
0 0.319661 0.326852 0.092448 0.072222
0 0.408203 0.326852 0.092448 0.072222
0 0.495443 0.327778 0.092448 0.072222
0 0.494141 0.394444 0.092448 0.072222
0 0.406901 0.395370 0.092448 0.072222
0 0.405599 0.462037 0.092448 0.072222
0 0.318359 0.462963 0.092448 0.072222
0 0.318359 0.530556 0.092448 0.072222
0 0.317057 0.598148 0.092448 0.072222
0 0.318359 0.666667 0.092448 0.072222
0 0.319661 0.733333 0.092448 0.072222
0 0.408203 0.733333 0.092448 0.072222
0 0.496745 0.733333 0.092448 0.072222
0 0.583984 0.733333 0.092448 0.072222
0 0.671224 0.732407 0.092448 0.072222
0 0.671224 0.664815 0.092448 0.072222
0 0.672526 0.596296 0.092448 0.072222
0 0.671224 0.528704 0.092448 0.072222
0 0.669922 0.462037 0.092448 0.072222
0 0.581380 0.462037 0.092448 0.072222
0 0.494141 0.462963 0.092448 0.072222
0 0.492839 0.529630 0.092448 0.072222
0 0.406901 0.531481 0.092448 0.072222
0 0.758464 0.596296 0.092448 0.072222
0 0.408203 0.598148 0.092448 0.072222
0 0.495443 0.598148 0.092448 0.072222
0 0.582682 0.599074 0.092448 0.072222
0 0.581380 0.665741 0.092448 0.072222
0 0.492839 0.665741 0.092448 0.072222
0 0.406901 0.665741 0.092448 0.072222
1 0.142578 0.460185 0.092448 0.072222
1 0.142578 0.391667 0.092448 0.072222
1 0.143880 0.325000 0.092448 0.072222
1 0.231120 0.324074 0.092448 0.072222
1 0.231120 0.257407 0.092448 0.072222
1 0.318359 0.257407 0.092448 0.072222
1 0.689453 0.254630 0.092448 0.072222
1 0.775391 0.317593 0.092448 0.072222
1 0.777995 0.254630 0.092448 0.072222
1 0.865234 0.255556 0.092448 0.072222
1 0.865234 0.324074 0.092448 0.072222
1 0.865234 0.391667 0.092448 0.072222
1 0.863932 0.458333 0.092448 0.072222
1 0.857422 0.741667 0.092448 0.072222
1 0.136068 0.806481 0.092448 0.072222
1 0.854818 0.806481 0.092448 0.072222
1 0.139974 0.729630 0.092448 0.072222
3 0.393880 0.118056 0.089844 0.067593
3 0.561198 0.121759 0.098958 0.065741
