2 0.140625 0.298611 0.098958 0.082407
2 0.240885 0.247685 0.098958 0.082407
2 0.315104 0.234722 0.098958 0.082407
2 0.671875 0.240278 0.098958 0.082407
2 0.759115 0.241204 0.098958 0.082407
2 0.850260 0.299537 0.098958 0.082407
1 0.143229 0.708333 0.098958 0.072222
1 0.144531 0.782407 0.098958 0.072222
1 0.235677 0.772222 0.098958 0.072222
1 0.770833 0.771296 0.098958 0.072222
1 0.851562 0.772222 0.098958 0.072222
1 0.858073 0.711111 0.098958 0.072222
1 0.415365 0.425000 0.098958 0.072222
1 0.503906 0.425000 0.098958 0.072222
1 0.589844 0.424074 0.098958 0.072222
1 0.588542 0.357407 0.098958 0.072222
1 0.501302 0.357407 0.098958 0.072222
1 0.414062 0.356481 0.098958 0.072222
1 0.415365 0.289815 0.098958 0.072222
1 0.503906 0.289815 0.098958 0.072222
1 0.589844 0.289815 0.098958 0.072222
0 0.238281 0.302778 0.093750 0.068519
0 0.325521 0.303704 0.093750 0.068519
0 0.324219 0.370370 0.093750 0.068519
0 0.235677 0.370370 0.093750 0.068519
0 0.149740 0.371296 0.093750 0.068519
0 0.151042 0.437963 0.093750 0.068519
0 0.239583 0.437963 0.093750 0.068519
0 0.326823 0.438889 0.093750 0.068519
0 0.325521 0.505556 0.093750 0.068519
0 0.236979 0.505556 0.093750 0.068519
0 0.149740 0.506481 0.093750 0.068519
0 0.151042 0.573148 0.093750 0.068519
0 0.239583 0.573148 0.093750 0.068519
0 0.326823 0.574074 0.093750 0.068519
0 0.325521 0.641667 0.093750 0.068519
0 0.236979 0.641667 0.093750 0.068519
0 0.149740 0.641667 0.093750 0.068519
0 0.244792 0.702778 0.093750 0.068519
0 0.320312 0.704630 0.093750 0.068519
0 0.328125 0.775000 0.093750 0.068519
0 0.415365 0.774074 0.093750 0.068519
0 0.415365 0.706481 0.093750 0.068519
0 0.415365 0.638889 0.093750 0.068519
0 0.415365 0.571296 0.093750 0.068519
0 0.416667 0.503704 0.093750 0.068519
0 0.502604 0.504630 0.093750 0.068519
0 0.502604 0.573148 0.093750 0.068519
0 0.502604 0.640741 0.093750 0.068519
0 0.502604 0.708333 0.093750 0.068519
0 0.503906 0.775000 0.093750 0.068519
0 0.592448 0.775000 0.093750 0.068519
0 0.679688 0.774074 0.093750 0.068519
0 0.678385 0.707407 0.093750 0.068519
0 0.591146 0.706481 0.093750 0.068519
0 0.592448 0.639815 0.093750 0.068519
0 0.679688 0.638889 0.093750 0.068519
0 0.678385 0.572222 0.093750 0.068519
0 0.591146 0.571296 0.093750 0.068519
0 0.592448 0.503704 0.093750 0.068519
0 0.679688 0.502778 0.093750 0.068519
0 0.679688 0.435185 0.093750 0.068519
0 0.679688 0.367593 0.093750 0.068519
0 0.680990 0.300926 0.093750 0.068519
0 0.766927 0.301852 0.093750 0.068519
0 0.766927 0.369444 0.093750 0.068519
0 0.766927 0.437037 0.093750 0.068519
0 0.766927 0.504630 0.093750 0.068519
0 0.766927 0.573148 0.093750 0.068519
0 0.768229 0.640741 0.093750 0.068519
0 0.766927 0.707407 0.093750 0.068519
0 0.854167 0.639815 0.093750 0.068519
0 0.854167 0.571296 0.093750 0.068519
0 0.854167 0.503704 0.093750 0.068519
0 0.854167 0.436111 0.093750 0.068519
0 0.854167 0.369444 0.093750 0.068519
3 0.473958 0.117593 0.109375 0.075926
