0 0.392708 0.293981 0.038542 0.069444
0 0.430208 0.293981 0.038542 0.069444
0 0.465104 0.292130 0.038542 0.069444
0 0.498958 0.298611 0.038542 0.069444
0 0.535937 0.299537 0.038542 0.069444
0 0.571354 0.295833 0.038542 0.069444
0 0.606771 0.295833 0.038542 0.069444
0 0.607292 0.361574 0.038542 0.069444
0 0.569792 0.361574 0.038542 0.069444
0 0.533333 0.362500 0.038542 0.069444
0 0.498437 0.365278 0.038542 0.069444
0 0.468229 0.363426 0.038542 0.069444
0 0.432292 0.362500 0.038542 0.069444
0 0.393490 0.367130 0.039062 0.063889
0 0.394531 0.423611 0.039062 0.063889
0 0.429948 0.427315 0.039062 0.063889
0 0.464323 0.430093 0.039062 0.063889
0 0.500260 0.433796 0.039062 0.063889
0 0.533073 0.431944 0.039062 0.063889
0 0.571615 0.435648 0.039062 0.063889
0 0.605990 0.431019 0.039062 0.063889
0 0.607031 0.496759 0.039062 0.063889
0 0.641406 0.497685 0.039062 0.063889
0 0.571615 0.497685 0.039062 0.063889
0 0.532552 0.495833 0.039062 0.063889
0 0.498177 0.500463 0.039062 0.063889
0 0.463281 0.500463 0.039062 0.063889
0 0.431510 0.493981 0.039062 0.063889
0 0.393490 0.494907 0.039062 0.063889
0 0.358073 0.497685 0.039062 0.063889
0 0.355469 0.567130 0.039062 0.063889
0 0.392448 0.566204 0.039062 0.063889
0 0.429427 0.566204 0.039062 0.063889
0 0.464844 0.568056 0.039062 0.063889
0 0.501302 0.568056 0.039062 0.063889
0 0.534115 0.567130 0.039062 0.063889
0 0.573177 0.568056 0.039062 0.063889
0 0.604948 0.567130 0.039062 0.063889
0 0.640885 0.569907 0.039062 0.063889
0 0.640885 0.633796 0.039062 0.063889
0 0.602865 0.637500 0.039062 0.063889
0 0.569010 0.634722 0.039062 0.063889
0 0.535156 0.632870 0.039062 0.063889
0 0.497656 0.632870 0.039062 0.063889
0 0.465365 0.632870 0.039062 0.063889
0 0.430469 0.633796 0.039062 0.063889
0 0.395573 0.636574 0.039062 0.063889
0 0.353906 0.638426 0.039062 0.063889
0 0.358073 0.701389 0.039062 0.063889
0 0.396615 0.704167 0.039062 0.063889
0 0.429948 0.699537 0.039062 0.063889
0 0.464323 0.702315 0.039062 0.063889
0 0.499219 0.702315 0.039062 0.063889
0 0.534115 0.703241 0.039062 0.063889
0 0.569531 0.701389 0.039062 0.063889
0 0.605469 0.706019 0.039062 0.063889
0 0.641927 0.704167 0.039062 0.063889
0 0.636719 0.771759 0.039062 0.063889
0 0.606510 0.771759 0.039062 0.063889
0 0.571094 0.770833 0.039062 0.063889
0 0.534635 0.774537 0.039062 0.063889
0 0.499219 0.771759 0.039062 0.063889
0 0.464844 0.768056 0.039062 0.063889
0 0.428385 0.767130 0.039062 0.063889
0 0.396094 0.767130 0.039062 0.063889
0 0.360677 0.767130 0.039062 0.063889
