2 0.498047 0.210185 0.108073 0.064815
2 0.498047 0.475000 0.108073 0.064815
2 0.499349 0.743519 0.108073 0.064815
1 0.140625 0.328241 0.091146 0.065741
1 0.233073 0.397685 0.091146 0.065741
1 0.324219 0.463426 0.091146 0.065741
1 0.671875 0.464352 0.091146 0.065741
1 0.765625 0.397685 0.091146 0.065741
1 0.851562 0.327315 0.091146 0.065741
1 0.858073 0.606944 0.091146 0.065741
1 0.757812 0.669907 0.091146 0.065741
1 0.677083 0.735648 0.091146 0.065741
1 0.324870 0.737500 0.092448 0.065741
1 0.235026 0.668056 0.092448 0.065741
1 0.133464 0.599537 0.092448 0.065741
0 0.146484 0.256944 0.089844 0.069444
0 0.235026 0.256944 0.089844 0.069444
0 0.323568 0.256944 0.089844 0.069444
0 0.410807 0.256944 0.089844 0.069444
0 0.499349 0.256944 0.089844 0.069444
0 0.587891 0.256944 0.089844 0.069444
0 0.675130 0.256944 0.089844 0.069444
0 0.763672 0.257870 0.089844 0.069444
0 0.850911 0.256944 0.089844 0.069444
0 0.762370 0.324537 0.089844 0.069444
0 0.675130 0.324537 0.089844 0.069444
0 0.586589 0.324537 0.089844 0.069444
0 0.498047 0.324537 0.089844 0.069444
0 0.410807 0.324537 0.089844 0.069444
0 0.322266 0.325463 0.089844 0.069444
0 0.235026 0.324537 0.089844 0.069444
0 0.323568 0.392130 0.089844 0.069444
0 0.412109 0.392130 0.089844 0.069444
0 0.499349 0.392130 0.089844 0.069444
0 0.587891 0.392130 0.089844 0.069444
0 0.675130 0.392130 0.089844 0.069444
0 0.854818 0.393981 0.089844 0.069444
0 0.151693 0.396759 0.089844 0.069444
0 0.136068 0.462500 0.089844 0.069444
0 0.231120 0.470833 0.089844 0.069444
0 0.426432 0.464352 0.089844 0.069444
0 0.595703 0.465278 0.089844 0.069444
0 0.761068 0.463426 0.089844 0.069444
0 0.848307 0.461574 0.089844 0.069444
0 0.858724 0.531944 0.089844 0.069444
0 0.770182 0.531944 0.089844 0.069444
0 0.682943 0.531944 0.089844 0.069444
0 0.594401 0.531944 0.089844 0.069444
0 0.504557 0.531944 0.089844 0.069444
0 0.417318 0.531944 0.089844 0.069444
0 0.328776 0.531944 0.089844 0.069444
0 0.240234 0.532870 0.089844 0.069444
0 0.154297 0.531944 0.089844 0.069444
0 0.241536 0.599537 0.089844 0.069444
0 0.330078 0.599537 0.089844 0.069444
0 0.418620 0.599537 0.089844 0.069444
0 0.505859 0.599537 0.089844 0.069444
0 0.594401 0.599537 0.089844 0.069444
0 0.682943 0.599537 0.089844 0.069444
0 0.768880 0.599537 0.089844 0.069444
0 0.852214 0.675463 0.089844 0.069444
0 0.668620 0.657870 0.089844 0.069444
0 0.591797 0.668056 0.089844 0.069444
0 0.501953 0.667130 0.089844 0.069444
0 0.413411 0.666204 0.089844 0.069444
0 0.330078 0.665278 0.089844 0.069444
0 0.147786 0.665278 0.089844 0.069444
0 0.146484 0.737500 0.089844 0.069444
0 0.236328 0.734722 0.089844 0.069444
0 0.147786 0.803241 0.089844 0.069444
0 0.236328 0.806019 0.089844 0.069444
0 0.324870 0.805093 0.089844 0.069444
0 0.418620 0.808796 0.089844 0.069444
0 0.402995 0.743056 0.089844 0.069444
0 0.587891 0.742130 0.089844 0.069444
0 0.511068 0.807870 0.089844 0.069444
0 0.585286 0.808796 0.089844 0.069444
0 0.672526 0.803241 0.089844 0.069444
0 0.758464 0.806944 0.089844 0.069444
0 0.848307 0.807870 0.089844 0.069444
0 0.847005 0.739352 0.089844 0.069444
0 0.763672 0.731019 0.089844 0.069444
