2 0.149740 0.337963 0.098958 0.068519
2 0.238281 0.337963 0.098958 0.068519
2 0.317708 0.335185 0.098958 0.068519
2 0.402344 0.272222 0.098958 0.068519
2 0.497396 0.212963 0.098958 0.068519
2 0.583333 0.273148 0.098958 0.068519
2 0.670573 0.337963 0.098958 0.068519
2 0.753906 0.343519 0.098958 0.068519
2 0.845052 0.340741 0.098958 0.068519
1 0.141276 0.271296 0.102865 0.061111
1 0.227214 0.269444 0.102865 0.061111
1 0.317057 0.273148 0.102865 0.061111
1 0.677734 0.267593 0.102865 0.061111
1 0.755859 0.275926 0.102865 0.061111
1 0.847005 0.276852 0.102865 0.061111
1 0.860026 0.462963 0.102865 0.061111
1 0.860026 0.521296 0.102865 0.061111
1 0.767578 0.529630 0.102865 0.061111
1 0.768880 0.587963 0.102865 0.061111
1 0.867839 0.586111 0.102865 0.061111
1 0.871745 0.650926 0.102865 0.061111
1 0.768880 0.652778 0.102865 0.061111
1 0.766276 0.728704 0.102865 0.061111
1 0.767578 0.797222 0.102865 0.061111
1 0.658203 0.805556 0.102865 0.061111
1 0.581380 0.802778 0.102865 0.061111
1 0.578776 0.741667 0.102865 0.061111
1 0.495443 0.669444 0.102865 0.061111
1 0.495443 0.740741 0.102865 0.061111
1 0.487630 0.803704 0.102865 0.061111
1 0.399089 0.803704 0.102865 0.061111
1 0.410807 0.742593 0.102865 0.061111
1 0.304036 0.807407 0.102865 0.061111
1 0.233724 0.806481 0.102865 0.061111
1 0.246745 0.745370 0.102865 0.061111
1 0.233724 0.675926 0.102865 0.061111
1 0.147786 0.667593 0.102865 0.061111
1 0.138672 0.610185 0.102865 0.061111
1 0.231120 0.612037 0.102865 0.061111
1 0.228516 0.543519 0.102865 0.061111
1 0.129557 0.545370 0.102865 0.061111
1 0.136068 0.470370 0.102865 0.061111
0 0.141927 0.737037 0.096354 0.074074
0 0.141927 0.801852 0.096354 0.074074
0 0.855469 0.795370 0.096354 0.074074
0 0.858073 0.734259 0.096354 0.074074
0 0.665365 0.734259 0.096354 0.074074
0 0.328125 0.737963 0.096354 0.074074
0 0.148438 0.392593 0.096354 0.074074
0 0.496094 0.261111 0.096354 0.074074
0 0.854167 0.400000 0.096354 0.074074
0 0.765625 0.404630 0.096354 0.074074
0 0.760417 0.464815 0.096354 0.074074
0 0.585938 0.335185 0.096354 0.074074
0 0.485677 0.325926 0.096354 0.074074
0 0.411458 0.335185 0.096354 0.074074
0 0.229167 0.400000 0.096354 0.074074
0 0.229167 0.467593 0.096354 0.074074
0 0.322917 0.670370 0.096354 0.074074
0 0.412760 0.670370 0.096354 0.074074
0 0.584635 0.670370 0.096354 0.074074
0 0.669271 0.667593 0.096354 0.074074
0 0.667969 0.600926 0.096354 0.074074
0 0.579427 0.600926 0.096354 0.074074
0 0.490885 0.600926 0.096354 0.074074
0 0.402344 0.600926 0.096354 0.074074
0 0.315104 0.600000 0.096354 0.074074
0 0.316406 0.533333 0.096354 0.074074
0 0.404948 0.533333 0.096354 0.074074
0 0.492188 0.533333 0.096354 0.074074
0 0.580729 0.533333 0.096354 0.074074
0 0.667969 0.532407 0.096354 0.074074
0 0.666667 0.465741 0.096354 0.074074
0 0.578125 0.465741 0.096354 0.074074
0 0.489583 0.465741 0.096354 0.074074
0 0.402344 0.465741 0.096354 0.074074
0 0.315104 0.464815 0.096354 0.074074
0 0.317708 0.398148 0.096354 0.074074
0 0.406250 0.398148 0.096354 0.074074
0 0.493490 0.398148 0.096354 0.074074
0 0.582031 0.398148 0.096354 0.074074
0 0.669271 0.398148 0.096354 0.074074
