1 0.138672 0.255093 0.095052 0.067593
1 0.146484 0.525463 0.095052 0.067593
1 0.136068 0.802315 0.095052 0.067593
1 0.593099 0.533796 0.095052 0.067593
1 0.594401 0.257870 0.095052 0.067593
1 0.755859 0.323611 0.095052 0.067593
1 0.757161 0.256019 0.095052 0.067593
1 0.689453 0.257870 0.095052 0.067593
1 0.852214 0.253241 0.095052 0.067593
1 0.675130 0.325463 0.095052 0.067593
1 0.668620 0.395833 0.095052 0.067593
1 0.861328 0.396759 0.095052 0.067593
1 0.757161 0.461574 0.095052 0.067593
1 0.673828 0.464352 0.095052 0.067593
1 0.680339 0.529167 0.095052 0.067593
1 0.853516 0.527315 0.095052 0.067593
1 0.755859 0.596759 0.095052 0.067593
1 0.673828 0.594907 0.095052 0.067593
1 0.672526 0.657870 0.095052 0.067593
1 0.843099 0.659722 0.095052 0.067593
1 0.749349 0.733796 0.095052 0.067593
1 0.681641 0.731944 0.095052 0.067593
1 0.594401 0.804167 0.095052 0.067593
1 0.672526 0.802315 0.095052 0.067593
1 0.754557 0.800463 0.095052 0.067593
1 0.849609 0.800463 0.095052 0.067593
0 0.848958 0.325463 0.091146 0.075000
0 0.757812 0.389352 0.091146 0.075000
0 0.850260 0.466204 0.091146 0.075000
0 0.764323 0.526389 0.091146 0.075000
0 0.851562 0.598611 0.091146 0.075000
0 0.756510 0.657870 0.091146 0.075000
0 0.837240 0.731019 0.091146 0.075000
0 0.235677 0.798611 0.091146 0.075000
0 0.145833 0.323611 0.091146 0.075000
0 0.144531 0.390278 0.091146 0.075000
0 0.141927 0.457870 0.091146 0.075000
0 0.144531 0.602315 0.091146 0.075000
0 0.145833 0.671759 0.091146 0.075000
0 0.147135 0.730093 0.091146 0.075000
0 0.584635 0.738426 0.091146 0.075000
0 0.588542 0.670833 0.091146 0.075000
0 0.587240 0.604167 0.091146 0.075000
0 0.584635 0.466204 0.091146 0.075000
0 0.583333 0.401389 0.091146 0.075000
0 0.588542 0.321759 0.091146 0.075000
0 0.328125 0.800463 0.091146 0.075000
0 0.398438 0.804167 0.091146 0.075000
0 0.488281 0.806944 0.091146 0.075000
0 0.493490 0.739352 0.091146 0.075000
0 0.404948 0.739352 0.091146 0.075000
0 0.316406 0.739352 0.091146 0.075000
0 0.230469 0.738426 0.091146 0.075000
0 0.231771 0.671759 0.091146 0.075000
0 0.319010 0.671759 0.091146 0.075000
0 0.407552 0.671759 0.091146 0.075000
0 0.494792 0.670833 0.091146 0.075000
0 0.493490 0.603241 0.091146 0.075000
0 0.404948 0.603241 0.091146 0.075000
0 0.316406 0.603241 0.091146 0.075000
0 0.230469 0.602315 0.091146 0.075000
0 0.231771 0.535648 0.091146 0.075000
0 0.319010 0.535648 0.091146 0.075000
0 0.407552 0.535648 0.091146 0.075000
0 0.494792 0.534722 0.091146 0.075000
0 0.493490 0.468056 0.091146 0.075000
0 0.404948 0.468056 0.091146 0.075000
0 0.316406 0.468056 0.091146 0.075000
0 0.230469 0.467130 0.091146 0.075000
0 0.231771 0.400463 0.091146 0.075000
0 0.319010 0.400463 0.091146 0.075000
0 0.407552 0.400463 0.091146 0.075000
0 0.494792 0.399537 0.091146 0.075000
0 0.493490 0.332870 0.091146 0.075000
0 0.404948 0.332870 0.091146 0.075000
0 0.316406 0.332870 0.091146 0.075000
0 0.230469 0.331944 0.091146 0.075000
0 0.231771 0.264352 0.091146 0.075000
0 0.319010 0.264352 0.091146 0.075000
0 0.407552 0.264352 0.091146 0.075000
0 0.494792 0.264352 0.091146 0.075000
