0 0.849609 0.262500 0.084635 0.069444
0 0.761068 0.262500 0.084635 0.069444
0 0.672526 0.262500 0.084635 0.069444
0 0.585286 0.262500 0.084635 0.069444
0 0.498047 0.263426 0.084635 0.069444
0 0.499349 0.331019 0.084635 0.069444
0 0.587891 0.331019 0.084635 0.069444
0 0.675130 0.331019 0.084635 0.069444
0 0.763672 0.331019 0.084635 0.069444
0 0.850911 0.331944 0.084635 0.069444
0 0.849609 0.398611 0.084635 0.069444
0 0.761068 0.398611 0.084635 0.069444
0 0.672526 0.398611 0.084635 0.069444
0 0.585286 0.398611 0.084635 0.069444
0 0.498047 0.399537 0.084635 0.069444
0 0.499349 0.466204 0.084635 0.069444
0 0.587891 0.466204 0.084635 0.069444
0 0.676432 0.466204 0.084635 0.069444
0 0.764974 0.466204 0.084635 0.069444
0 0.852214 0.467130 0.084635 0.069444
0 0.850911 0.533796 0.084635 0.069444
0 0.763672 0.534722 0.084635 0.069444
0 0.762370 0.602315 0.084635 0.069444
0 0.675130 0.601389 0.084635 0.069444
0 0.673828 0.533796 0.084635 0.069444
0 0.586589 0.533796 0.084635 0.069444
0 0.499349 0.534722 0.084635 0.069444
0 0.500651 0.602315 0.084635 0.069444
0 0.587891 0.603241 0.084635 0.069444
0 0.587891 0.669907 0.084635 0.069444
0 0.675130 0.669907 0.084635 0.069444
0 0.500651 0.670833 0.084635 0.069444
0 0.500651 0.738426 0.084635 0.069444
0 0.589193 0.737500 0.084635 0.069444
0 0.413411 0.737500 0.084635 0.069444
0 0.499349 0.806019 0.084635 0.069444
0 0.412109 0.806019 0.084635 0.069444
0 0.323568 0.806019 0.084635 0.069444
0 0.235026 0.806019 0.084635 0.069444
0 0.149089 0.805093 0.084635 0.069444
0 0.150391 0.736574 0.084635 0.069444
0 0.237630 0.737500 0.084635 0.069444
0 0.324870 0.737500 0.084635 0.069444
0 0.151693 0.669907 0.084635 0.069444
0 0.240234 0.669907 0.084635 0.069444
0 0.327474 0.669907 0.084635 0.069444
0 0.414714 0.668981 0.084635 0.069444
0 0.413411 0.602315 0.084635 0.069444
0 0.324870 0.602315 0.084635 0.069444
0 0.236328 0.602315 0.084635 0.069444
0 0.150391 0.601389 0.084635 0.069444
0 0.151693 0.534722 0.084635 0.069444
0 0.238932 0.534722 0.084635 0.069444
0 0.327474 0.534722 0.084635 0.069444
0 0.414714 0.533796 0.084635 0.069444
0 0.413411 0.466204 0.084635 0.069444
0 0.324870 0.465278 0.084635 0.069444
0 0.237630 0.466204 0.084635 0.069444
0 0.326172 0.397685 0.084635 0.069444
0 0.413411 0.396759 0.084635 0.069444
0 0.413411 0.330093 0.084635 0.069444
2 0.497396 0.200926 0.091146 0.055556
2 0.411458 0.268519 0.091146 0.055556
2 0.320312 0.334259 0.091146 0.055556
2 0.227865 0.404630 0.091146 0.055556
2 0.143229 0.468519 0.091146 0.055556
1 0.852214 0.602778 0.087240 0.066667
1 0.767578 0.672222 0.087240 0.066667
1 0.850911 0.671296 0.087240 0.066667
1 0.850911 0.739815 0.087240 0.066667
1 0.849609 0.806481 0.087240 0.066667
1 0.762370 0.805556 0.087240 0.066667
1 0.761068 0.738889 0.087240 0.066667
1 0.673828 0.739815 0.087240 0.066667
1 0.672526 0.806481 0.087240 0.066667
1 0.586589 0.806481 0.087240 0.066667
1 0.317057 0.270370 0.092448 0.061111
1 0.229818 0.271296 0.092448 0.061111
1 0.228516 0.337963 0.092448 0.061111
1 0.142578 0.337963 0.092448 0.061111
1 0.142578 0.406481 0.092448 0.061111
1 0.142578 0.271296 0.092448 0.061111
3 0.391927 0.116204 0.098958 0.063889
3 0.563802 0.117130 0.093750 0.069444
