0 0.151042 0.261111 0.088542 0.068519
0 0.239583 0.261111 0.088542 0.068519
0 0.328125 0.261111 0.088542 0.068519
0 0.415365 0.261111 0.088542 0.068519
0 0.503906 0.261111 0.088542 0.068519
0 0.592448 0.261111 0.088542 0.068519
0 0.679688 0.261111 0.088542 0.068519
0 0.768229 0.261111 0.088542 0.068519
0 0.855469 0.262037 0.088542 0.068519
0 0.854167 0.328704 0.088542 0.068519
0 0.765625 0.328704 0.088542 0.068519
0 0.677083 0.328704 0.088542 0.068519
0 0.589844 0.328704 0.088542 0.068519
0 0.501302 0.328704 0.088542 0.068519
0 0.412760 0.328704 0.088542 0.068519
0 0.325521 0.328704 0.088542 0.068519
0 0.236979 0.328704 0.088542 0.068519
0 0.149740 0.329630 0.088542 0.068519
0 0.151042 0.397222 0.088542 0.068519
0 0.239583 0.397222 0.088542 0.068519
0 0.328125 0.397222 0.088542 0.068519
0 0.415365 0.397222 0.088542 0.068519
0 0.503906 0.397222 0.088542 0.068519
0 0.592448 0.397222 0.088542 0.068519
0 0.679688 0.397222 0.088542 0.068519
0 0.768229 0.397222 0.088542 0.068519
0 0.855469 0.398148 0.088542 0.068519
0 0.854167 0.464815 0.088542 0.068519
0 0.765625 0.464815 0.088542 0.068519
0 0.677083 0.464815 0.088542 0.068519
0 0.589844 0.464815 0.088542 0.068519
0 0.501302 0.464815 0.088542 0.068519
0 0.412760 0.464815 0.088542 0.068519
0 0.325521 0.464815 0.088542 0.068519
0 0.236979 0.464815 0.088542 0.068519
0 0.149740 0.465741 0.088542 0.068519
0 0.151042 0.532407 0.088542 0.068519
0 0.239583 0.532407 0.088542 0.068519
0 0.328125 0.532407 0.088542 0.068519
0 0.415365 0.532407 0.088542 0.068519
0 0.503906 0.532407 0.088542 0.068519
0 0.592448 0.532407 0.088542 0.068519
0 0.679688 0.532407 0.088542 0.068519
0 0.768229 0.532407 0.088542 0.068519
0 0.855469 0.533333 0.088542 0.068519
0 0.854167 0.600000 0.088542 0.068519
0 0.765625 0.600000 0.088542 0.068519
0 0.677083 0.600000 0.088542 0.068519
0 0.589844 0.600000 0.088542 0.068519
0 0.501302 0.600000 0.088542 0.068519
0 0.412760 0.600000 0.088542 0.068519
0 0.325521 0.600000 0.088542 0.068519
0 0.236979 0.600000 0.088542 0.068519
0 0.149740 0.600926 0.088542 0.068519
0 0.151042 0.668519 0.088542 0.068519
0 0.239583 0.668519 0.088542 0.068519
0 0.328125 0.668519 0.088542 0.068519
0 0.415365 0.668519 0.088542 0.068519
0 0.503906 0.668519 0.088542 0.068519
0 0.592448 0.668519 0.088542 0.068519
0 0.679688 0.668519 0.088542 0.068519
0 0.768229 0.668519 0.088542 0.068519
0 0.855469 0.669444 0.088542 0.068519
0 0.854167 0.736111 0.088542 0.068519
0 0.765625 0.736111 0.088542 0.068519
0 0.677083 0.736111 0.088542 0.068519
0 0.588542 0.736111 0.088542 0.068519
0 0.500000 0.736111 0.088542 0.068519
0 0.411458 0.736111 0.088542 0.068519
0 0.324219 0.736111 0.088542 0.068519
0 0.235677 0.736111 0.088542 0.068519
0 0.148438 0.737037 0.088542 0.068519
0 0.149740 0.803704 0.088542 0.068519
0 0.238281 0.803704 0.088542 0.068519
0 0.326823 0.803704 0.088542 0.068519
0 0.414062 0.803704 0.088542 0.068519
0 0.502604 0.803704 0.088542 0.068519
0 0.591146 0.803704 0.088542 0.068519
0 0.678385 0.803704 0.088542 0.068519
0 0.766927 0.803704 0.088542 0.068519
0 0.854167 0.803704 0.088542 0.068519
3 0.396484 0.106019 0.087240 0.056481
3 0.501953 0.109722 0.084635 0.054630
3 0.604167 0.107407 0.078125 0.055556
