2 0.237630 0.268519 0.079427 0.066667
2 0.496745 0.212037 0.079427 0.066667
2 0.762370 0.264815 0.079427 0.066667
2 0.767578 0.403704 0.079427 0.066667
2 0.232422 0.401852 0.079427 0.066667
2 0.235026 0.544444 0.079427 0.066667
2 0.762370 0.539815 0.079427 0.066667
2 0.498047 0.676852 0.079427 0.066667
2 0.498047 0.475926 0.079427 0.066667
1 0.142578 0.328241 0.095052 0.065741
1 0.139974 0.459722 0.095052 0.065741
1 0.132161 0.596759 0.095052 0.065741
1 0.139974 0.743056 0.095052 0.065741
1 0.141276 0.806944 0.095052 0.065741
1 0.231120 0.671759 0.095052 0.065741
1 0.751953 0.664352 0.095052 0.065741
1 0.854818 0.604167 0.095052 0.065741
1 0.854818 0.731944 0.095052 0.065741
1 0.854818 0.798611 0.095052 0.065741
1 0.854818 0.468981 0.095052 0.065741
1 0.857422 0.323611 0.095052 0.065741
0 0.146484 0.257407 0.095052 0.072222
0 0.233724 0.331481 0.095052 0.072222
0 0.150391 0.393519 0.095052 0.072222
0 0.233724 0.464815 0.095052 0.072222
0 0.147786 0.529630 0.095052 0.072222
0 0.236328 0.604630 0.095052 0.072222
0 0.150391 0.662963 0.095052 0.072222
0 0.232422 0.729630 0.095052 0.072222
0 0.237630 0.795370 0.095052 0.072222
0 0.850911 0.262963 0.095052 0.072222
0 0.764974 0.330556 0.095052 0.072222
0 0.849609 0.392593 0.095052 0.072222
0 0.757161 0.465741 0.095052 0.072222
0 0.839193 0.524074 0.095052 0.072222
0 0.770182 0.597222 0.095052 0.072222
0 0.850911 0.662963 0.095052 0.072222
0 0.761068 0.731481 0.095052 0.072222
0 0.764974 0.804630 0.095052 0.072222
0 0.326172 0.259259 0.095052 0.072222
0 0.414714 0.259259 0.095052 0.072222
0 0.503255 0.259259 0.095052 0.072222
0 0.590495 0.259259 0.095052 0.072222
0 0.677734 0.260185 0.095052 0.072222
0 0.676432 0.326852 0.095052 0.072222
0 0.587891 0.326852 0.095052 0.072222
0 0.500651 0.326852 0.095052 0.072222
0 0.412109 0.326852 0.095052 0.072222
0 0.324870 0.327778 0.095052 0.072222
0 0.324870 0.395370 0.095052 0.072222
0 0.326172 0.462037 0.095052 0.072222
0 0.413411 0.461111 0.095052 0.072222
0 0.414714 0.394444 0.095052 0.072222
0 0.503255 0.394444 0.095052 0.072222
0 0.590495 0.394444 0.095052 0.072222
0 0.677734 0.395370 0.095052 0.072222
0 0.676432 0.462037 0.095052 0.072222
0 0.589193 0.462963 0.095052 0.072222
0 0.590495 0.530556 0.095052 0.072222
0 0.677734 0.531481 0.095052 0.072222
0 0.676432 0.598148 0.095052 0.072222
0 0.589193 0.599074 0.095052 0.072222
0 0.590495 0.665741 0.095052 0.072222
0 0.677734 0.666667 0.095052 0.072222
0 0.677734 0.734259 0.095052 0.072222
0 0.676432 0.801852 0.095052 0.072222
0 0.589193 0.800926 0.095052 0.072222
0 0.587891 0.733333 0.095052 0.072222
0 0.501953 0.734259 0.095052 0.072222
0 0.500651 0.801852 0.095052 0.072222
0 0.412109 0.801852 0.095052 0.072222
0 0.324870 0.800926 0.095052 0.072222
0 0.326172 0.733333 0.095052 0.072222
0 0.413411 0.732407 0.095052 0.072222
0 0.412109 0.665741 0.095052 0.072222
0 0.324870 0.664815 0.095052 0.072222
0 0.326172 0.598148 0.095052 0.072222
0 0.414714 0.598148 0.095052 0.072222
0 0.501953 0.597222 0.095052 0.072222
0 0.500651 0.530556 0.095052 0.072222
0 0.412109 0.530556 0.095052 0.072222
0 0.324870 0.530556 0.095052 0.072222
