1 0.143880 0.258796 0.100260 0.071296
1 0.231120 0.258796 0.100260 0.071296
1 0.319661 0.258796 0.100260 0.071296
1 0.406901 0.258796 0.100260 0.071296
1 0.499349 0.330093 0.100260 0.071296
1 0.499349 0.397685 0.100260 0.071296
1 0.499349 0.465278 0.100260 0.071296
1 0.499349 0.533796 0.100260 0.071296
1 0.499349 0.601389 0.100260 0.071296
1 0.499349 0.668981 0.100260 0.071296
1 0.499349 0.735648 0.100260 0.071296
1 0.590495 0.803241 0.100260 0.071296
1 0.677734 0.803241 0.100260 0.071296
1 0.766276 0.803241 0.100260 0.071296
1 0.853516 0.803241 0.100260 0.071296
0 0.501953 0.255556 0.095052 0.074074
0 0.590495 0.255556 0.095052 0.074074
0 0.677734 0.255556 0.095052 0.074074
0 0.766276 0.255556 0.095052 0.074074
0 0.853516 0.256481 0.095052 0.074074
0 0.852214 0.323148 0.095052 0.074074
0 0.763672 0.323148 0.095052 0.074074
0 0.675130 0.323148 0.095052 0.074074
0 0.589193 0.324074 0.095052 0.074074
0 0.590495 0.390741 0.095052 0.074074
0 0.677734 0.390741 0.095052 0.074074
0 0.766276 0.390741 0.095052 0.074074
0 0.853516 0.391667 0.095052 0.074074
0 0.852214 0.459259 0.095052 0.074074
0 0.763672 0.459259 0.095052 0.074074
0 0.675130 0.459259 0.095052 0.074074
0 0.589193 0.460185 0.095052 0.074074
0 0.590495 0.526852 0.095052 0.074074
0 0.677734 0.526852 0.095052 0.074074
0 0.766276 0.526852 0.095052 0.074074
0 0.853516 0.527778 0.095052 0.074074
0 0.852214 0.594444 0.095052 0.074074
0 0.763672 0.594444 0.095052 0.074074
0 0.675130 0.594444 0.095052 0.074074
0 0.589193 0.595370 0.095052 0.074074
0 0.590495 0.662037 0.095052 0.074074
0 0.677734 0.662037 0.095052 0.074074
0 0.766276 0.662037 0.095052 0.074074
0 0.853516 0.662963 0.095052 0.074074
0 0.852214 0.730556 0.095052 0.074074
0 0.763672 0.730556 0.095052 0.074074
0 0.675130 0.730556 0.095052 0.074074
0 0.589193 0.730556 0.095052 0.074074
0 0.490234 0.802778 0.095052 0.074074
0 0.401693 0.802778 0.095052 0.074074
0 0.314453 0.802778 0.095052 0.074074
0 0.225911 0.802778 0.095052 0.074074
0 0.138672 0.801852 0.095052 0.074074
0 0.139974 0.735185 0.095052 0.074074
0 0.228516 0.735185 0.095052 0.074074
0 0.317057 0.735185 0.095052 0.074074
0 0.402995 0.734259 0.095052 0.074074
0 0.401693 0.667593 0.095052 0.074074
0 0.314453 0.667593 0.095052 0.074074
0 0.225911 0.667593 0.095052 0.074074
0 0.138672 0.666667 0.095052 0.074074
0 0.139974 0.599074 0.095052 0.074074
0 0.228516 0.599074 0.095052 0.074074
0 0.317057 0.599074 0.095052 0.074074
0 0.402995 0.598148 0.095052 0.074074
0 0.401693 0.531481 0.095052 0.074074
0 0.314453 0.531481 0.095052 0.074074
0 0.225911 0.531481 0.095052 0.074074
0 0.138672 0.530556 0.095052 0.074074
0 0.139974 0.463889 0.095052 0.074074
0 0.228516 0.463889 0.095052 0.074074
0 0.317057 0.463889 0.095052 0.074074
0 0.402995 0.462963 0.095052 0.074074
0 0.401693 0.396296 0.095052 0.074074
0 0.314453 0.396296 0.095052 0.074074
0 0.225911 0.396296 0.095052 0.074074
0 0.138672 0.395370 0.095052 0.074074
0 0.139974 0.328704 0.095052 0.074074
0 0.229818 0.328704 0.095052 0.074074
0 0.318359 0.328704 0.095052 0.074074
0 0.404297 0.328704 0.095052 0.074074
