2 0.322266 0.254630 0.074219 0.066667
2 0.675130 0.254630 0.074219 0.066667
2 0.582682 0.324074 0.074219 0.066667
2 0.404297 0.329630 0.074219 0.066667
0 0.500651 0.400926 0.082031 0.068519
1 0.233073 0.260185 0.098958 0.064815
1 0.233073 0.327778 0.098958 0.064815
1 0.233073 0.395370 0.098958 0.064815
1 0.233073 0.462963 0.098958 0.064815
1 0.233073 0.531481 0.098958 0.064815
1 0.233073 0.599074 0.098958 0.064815
1 0.233073 0.666667 0.098958 0.064815
1 0.233073 0.734259 0.098958 0.064815
1 0.234375 0.800926 0.098958 0.064815
1 0.321615 0.800000 0.098958 0.064815
1 0.321615 0.732407 0.098958 0.064815
1 0.321615 0.664815 0.098958 0.064815
1 0.321615 0.597222 0.098958 0.064815
1 0.321615 0.529630 0.098958 0.064815
1 0.321615 0.461111 0.098958 0.064815
1 0.332031 0.397222 0.098958 0.064815
1 0.321615 0.326852 0.098958 0.064815
1 0.410156 0.255556 0.098958 0.064815
1 0.490885 0.252778 0.098958 0.064815
1 0.589844 0.255556 0.098958 0.064815
1 0.763021 0.263889 0.098958 0.064815
1 0.667969 0.327778 0.098958 0.064815
1 0.755208 0.328704 0.098958 0.064815
1 0.753906 0.395370 0.098958 0.064815
1 0.665365 0.395370 0.098958 0.064815
1 0.579427 0.396296 0.098958 0.064815
1 0.580729 0.462963 0.098958 0.064815
1 0.667969 0.462963 0.098958 0.064815
1 0.755208 0.463889 0.098958 0.064815
1 0.753906 0.531481 0.098958 0.064815
1 0.665365 0.531481 0.098958 0.064815
1 0.579427 0.531481 0.098958 0.064815
1 0.419271 0.398148 0.098958 0.064815
1 0.419271 0.465741 0.098958 0.064815
1 0.419271 0.534259 0.098958 0.064815
1 0.419271 0.601852 0.098958 0.064815
1 0.419271 0.669444 0.098958 0.064815
1 0.419271 0.737037 0.098958 0.064815
1 0.420573 0.803704 0.098958 0.064815
1 0.507812 0.802778 0.098958 0.064815
1 0.507812 0.735185 0.098958 0.064815
1 0.507812 0.667593 0.098958 0.064815
1 0.507812 0.600000 0.098958 0.064815
1 0.507812 0.532407 0.098958 0.064815
1 0.507812 0.464815 0.098958 0.064815
1 0.596354 0.600000 0.098958 0.064815
1 0.684896 0.600000 0.098958 0.064815
1 0.772135 0.600926 0.098958 0.064815
1 0.770833 0.668519 0.098958 0.064815
1 0.682292 0.668519 0.098958 0.064815
1 0.595052 0.669444 0.098958 0.064815
1 0.596354 0.736111 0.098958 0.064815
1 0.684896 0.736111 0.098958 0.064815
1 0.772135 0.737037 0.098958 0.064815
1 0.770833 0.803704 0.098958 0.064815
1 0.682292 0.803704 0.098958 0.064815
1 0.595052 0.803704 0.098958 0.064815
