0 0.236328 0.260648 0.097656 0.065741
0 0.323568 0.260648 0.097656 0.065741
0 0.410807 0.260648 0.097656 0.065741
0 0.505208 0.258333 0.080729 0.070370
0 0.593750 0.258333 0.080729 0.070370
0 0.682292 0.258333 0.080729 0.070370
0 0.766927 0.258333 0.080729 0.070370
0 0.680990 0.258333 0.080729 0.070370
0 0.675781 0.329630 0.080729 0.070370
0 0.763021 0.330556 0.080729 0.070370
0 0.587240 0.329630 0.080729 0.070370
0 0.500000 0.329630 0.080729 0.070370
0 0.411458 0.329630 0.080729 0.070370
0 0.322917 0.329630 0.080729 0.070370
0 0.236979 0.330556 0.080729 0.070370
0 0.238281 0.398148 0.080729 0.070370
0 0.325521 0.398148 0.080729 0.070370
0 0.414062 0.398148 0.080729 0.070370
0 0.502604 0.398148 0.080729 0.070370
0 0.589844 0.398148 0.080729 0.070370
0 0.678385 0.398148 0.080729 0.070370
0 0.765625 0.399074 0.080729 0.070370
0 0.766927 0.465741 0.080729 0.070370
0 0.678385 0.465741 0.080729 0.070370
0 0.589844 0.465741 0.080729 0.070370
0 0.502604 0.465741 0.080729 0.070370
0 0.414062 0.465741 0.080729 0.070370
0 0.325521 0.465741 0.080729 0.070370
0 0.239583 0.466667 0.080729 0.070370
0 0.240885 0.533333 0.080729 0.070370
0 0.328125 0.533333 0.080729 0.070370
0 0.416667 0.533333 0.080729 0.070370
0 0.505208 0.533333 0.080729 0.070370
0 0.592448 0.533333 0.080729 0.070370
0 0.680990 0.533333 0.080729 0.070370
0 0.768229 0.534259 0.080729 0.070370
0 0.766927 0.600926 0.080729 0.070370
0 0.678385 0.600926 0.080729 0.070370
0 0.589844 0.600926 0.080729 0.070370
0 0.502604 0.600926 0.080729 0.070370
0 0.414062 0.600926 0.080729 0.070370
0 0.325521 0.600926 0.080729 0.070370
0 0.239583 0.601852 0.080729 0.070370
0 0.240885 0.669444 0.080729 0.070370
0 0.328125 0.669444 0.080729 0.070370
0 0.416667 0.669444 0.080729 0.070370
0 0.505208 0.669444 0.080729 0.070370
0 0.592448 0.669444 0.080729 0.070370
0 0.680990 0.669444 0.080729 0.070370
0 0.768229 0.670370 0.080729 0.070370
0 0.766927 0.737037 0.080729 0.070370
0 0.678385 0.737037 0.080729 0.070370
0 0.589844 0.737037 0.080729 0.070370
0 0.502604 0.737037 0.080729 0.070370
0 0.414062 0.737037 0.080729 0.070370
0 0.325521 0.737037 0.080729 0.070370
0 0.239583 0.737963 0.080729 0.070370
0 0.240885 0.804630 0.080729 0.070370
0 0.328125 0.804630 0.080729 0.070370
0 0.416667 0.804630 0.080729 0.070370
0 0.505208 0.804630 0.080729 0.070370
0 0.592448 0.804630 0.080729 0.070370
0 0.680990 0.804630 0.080729 0.070370
0 0.768229 0.804630 0.080729 0.070370
