2 0.327474 0.337963 0.082031 0.062963
2 0.676432 0.336111 0.082031 0.062963
1 0.137370 0.256944 0.087240 0.073148
1 0.317057 0.256019 0.087240 0.073148
1 0.673828 0.256019 0.087240 0.073148
1 0.854818 0.257870 0.087240 0.073148
1 0.858724 0.810648 0.087240 0.073148
1 0.151693 0.802315 0.087240 0.073148
0 0.400391 0.256481 0.079427 0.072222
0 0.227214 0.254630 0.079427 0.072222
0 0.141276 0.324074 0.079427 0.072222
0 0.227214 0.332407 0.079427 0.072222
0 0.492839 0.262037 0.079427 0.072222
0 0.576172 0.254630 0.079427 0.072222
0 0.763672 0.254630 0.079427 0.072222
0 0.759766 0.328704 0.079427 0.072222
0 0.848307 0.325926 0.079427 0.072222
0 0.582682 0.327778 0.079427 0.072222
0 0.491536 0.327778 0.079427 0.072222
0 0.425130 0.327778 0.079427 0.072222
0 0.143880 0.396296 0.079427 0.072222
0 0.229818 0.398148 0.079427 0.072222
0 0.326172 0.397222 0.079427 0.072222
0 0.408203 0.396296 0.079427 0.072222
0 0.496745 0.396296 0.079427 0.072222
0 0.583984 0.396296 0.079427 0.072222
0 0.672526 0.396296 0.079427 0.072222
0 0.761068 0.396296 0.079427 0.072222
0 0.847005 0.397222 0.079427 0.072222
0 0.845703 0.464815 0.079427 0.072222
0 0.758464 0.464815 0.079427 0.072222
0 0.669922 0.464815 0.079427 0.072222
0 0.581380 0.464815 0.079427 0.072222
0 0.494141 0.464815 0.079427 0.072222
0 0.405599 0.464815 0.079427 0.072222
0 0.317057 0.464815 0.079427 0.072222
0 0.229818 0.464815 0.079427 0.072222
0 0.142578 0.465741 0.079427 0.072222
0 0.143880 0.532407 0.079427 0.072222
0 0.232422 0.532407 0.079427 0.072222
0 0.319661 0.532407 0.079427 0.072222
0 0.408203 0.532407 0.079427 0.072222
0 0.496745 0.532407 0.079427 0.072222
0 0.583984 0.532407 0.079427 0.072222
0 0.672526 0.532407 0.079427 0.072222
0 0.761068 0.532407 0.079427 0.072222
0 0.847005 0.533333 0.079427 0.072222
0 0.845703 0.600000 0.079427 0.072222
0 0.758464 0.600000 0.079427 0.072222
0 0.669922 0.600000 0.079427 0.072222
0 0.581380 0.600000 0.079427 0.072222
0 0.494141 0.600000 0.079427 0.072222
0 0.405599 0.600000 0.079427 0.072222
0 0.317057 0.600000 0.079427 0.072222
0 0.229818 0.600000 0.079427 0.072222
0 0.142578 0.601852 0.079427 0.072222
0 0.143880 0.668519 0.079427 0.072222
0 0.232422 0.668519 0.079427 0.072222
0 0.319661 0.668519 0.079427 0.072222
0 0.408203 0.668519 0.079427 0.072222
0 0.496745 0.668519 0.079427 0.072222
0 0.583984 0.668519 0.079427 0.072222
0 0.672526 0.668519 0.079427 0.072222
0 0.761068 0.668519 0.079427 0.072222
0 0.847005 0.669444 0.079427 0.072222
0 0.845703 0.737037 0.079427 0.072222
0 0.758464 0.737037 0.079427 0.072222
0 0.669922 0.737037 0.079427 0.072222
0 0.581380 0.737037 0.079427 0.072222
0 0.494141 0.737037 0.079427 0.072222
0 0.405599 0.737037 0.079427 0.072222
0 0.317057 0.737037 0.079427 0.072222
0 0.229818 0.737963 0.079427 0.072222
0 0.142578 0.737037 0.079427 0.072222
0 0.231120 0.804630 0.079427 0.072222
0 0.319661 0.804630 0.079427 0.072222
0 0.406901 0.804630 0.079427 0.072222
0 0.496745 0.804630 0.079427 0.072222
0 0.585286 0.804630 0.079427 0.072222
0 0.672526 0.804630 0.079427 0.072222
0 0.759766 0.804630 0.079427 0.072222
