0 0.270833 0.673148 0.106771 0.072222
0 0.361979 0.611111 0.106771 0.072222
0 0.632812 0.619444 0.106771 0.072222
0 0.713542 0.675000 0.106771 0.072222
2 0.360677 0.539352 0.088542 0.065741
2 0.264323 0.468981 0.088542 0.065741
2 0.263021 0.531019 0.088542 0.065741
2 0.261719 0.603241 0.088542 0.065741
2 0.638021 0.531019 0.088542 0.065741
2 0.718750 0.470833 0.088542 0.065741
2 0.725260 0.532870 0.088542 0.065741
2 0.725260 0.606019 0.088542 0.065741
1 0.277995 0.257870 0.095052 0.076852
1 0.365234 0.257870 0.095052 0.076852
1 0.453776 0.257870 0.095052 0.076852
1 0.542318 0.257870 0.095052 0.076852
1 0.629557 0.257870 0.095052 0.076852
1 0.716797 0.257870 0.095052 0.076852
1 0.718099 0.327315 0.095052 0.076852
1 0.629557 0.327315 0.095052 0.076852
1 0.542318 0.327315 0.095052 0.076852
1 0.453776 0.327315 0.095052 0.076852
1 0.365234 0.327315 0.095052 0.076852
1 0.279297 0.328241 0.095052 0.076852
1 0.280599 0.394907 0.095052 0.076852
1 0.367839 0.394907 0.095052 0.076852
1 0.456380 0.394907 0.095052 0.076852
1 0.544922 0.394907 0.095052 0.076852
1 0.632161 0.395833 0.095052 0.076852
1 0.719401 0.394907 0.095052 0.076852
1 0.630859 0.463426 0.095052 0.076852
1 0.541016 0.463426 0.095052 0.076852
1 0.453776 0.464352 0.095052 0.076852
1 0.366536 0.463426 0.095052 0.076852
1 0.455078 0.531019 0.095052 0.076852
1 0.542318 0.531944 0.095052 0.076852
1 0.541016 0.598611 0.095052 0.076852
1 0.453776 0.599537 0.095052 0.076852
1 0.455078 0.667130 0.095052 0.076852
1 0.453776 0.734722 0.095052 0.076852
1 0.452474 0.802315 0.095052 0.076852
1 0.365234 0.802315 0.095052 0.076852
1 0.277995 0.801389 0.095052 0.076852
1 0.279297 0.733796 0.095052 0.076852
1 0.366536 0.732870 0.095052 0.076852
1 0.366536 0.666204 0.095052 0.076852
1 0.542318 0.668056 0.095052 0.076852
1 0.542318 0.735648 0.095052 0.076852
1 0.543620 0.803241 0.095052 0.076852
1 0.630859 0.803241 0.095052 0.076852
1 0.718099 0.802315 0.095052 0.076852
1 0.716797 0.734722 0.095052 0.076852
1 0.629557 0.733796 0.095052 0.076852
1 0.629557 0.667130 0.095052 0.076852
