2 0.142578 0.477315 0.097656 0.062037
1 0.149740 0.737963 0.093750 0.064815
1 0.236979 0.738889 0.093750 0.064815
1 0.235677 0.805556 0.093750 0.064815
1 0.148438 0.805556 0.093750 0.064815
1 0.144531 0.405556 0.093750 0.064815
1 0.144531 0.337963 0.093750 0.064815
1 0.145833 0.271296 0.093750 0.064815
1 0.234375 0.271296 0.093750 0.064815
1 0.322917 0.271296 0.093750 0.064815
1 0.408854 0.271296 0.093750 0.064815
1 0.762370 0.259259 0.089844 0.064815
1 0.848307 0.260185 0.089844 0.064815
1 0.847005 0.326852 0.089844 0.064815
1 0.761068 0.326852 0.089844 0.064815
1 0.847005 0.592593 0.089844 0.064815
1 0.847005 0.660185 0.089844 0.064815
1 0.847005 0.728704 0.089844 0.064815
1 0.845703 0.795370 0.089844 0.064815
1 0.758464 0.795370 0.089844 0.064815
1 0.669922 0.795370 0.089844 0.064815
1 0.582682 0.795370 0.089844 0.064815
0 0.498698 0.261574 0.091146 0.069444
0 0.587240 0.261574 0.091146 0.069444
0 0.673177 0.262500 0.091146 0.069444
0 0.671875 0.329167 0.091146 0.069444
0 0.584635 0.329167 0.091146 0.069444
0 0.496094 0.329167 0.091146 0.069444
0 0.407552 0.329167 0.091146 0.069444
0 0.320312 0.329167 0.091146 0.069444
0 0.233073 0.330093 0.091146 0.069444
0 0.234375 0.397685 0.091146 0.069444
0 0.322917 0.397685 0.091146 0.069444
0 0.410156 0.397685 0.091146 0.069444
0 0.498698 0.397685 0.091146 0.069444
0 0.587240 0.397685 0.091146 0.069444
0 0.674479 0.397685 0.091146 0.069444
0 0.763021 0.397685 0.091146 0.069444
0 0.850260 0.398611 0.091146 0.069444
0 0.850260 0.467130 0.091146 0.069444
0 0.848958 0.533796 0.091146 0.069444
0 0.761719 0.532870 0.091146 0.069444
0 0.760417 0.466204 0.091146 0.069444
0 0.671875 0.466204 0.091146 0.069444
0 0.583333 0.466204 0.091146 0.069444
0 0.494792 0.466204 0.091146 0.069444
0 0.406250 0.466204 0.091146 0.069444
0 0.319010 0.466204 0.091146 0.069444
0 0.231771 0.467130 0.091146 0.069444
0 0.233073 0.533796 0.091146 0.069444
0 0.321615 0.533796 0.091146 0.069444
0 0.408854 0.533796 0.091146 0.069444
0 0.497396 0.533796 0.091146 0.069444
0 0.585938 0.533796 0.091146 0.069444
0 0.673177 0.534722 0.091146 0.069444
0 0.671875 0.602315 0.091146 0.069444
0 0.583333 0.602315 0.091146 0.069444
0 0.496094 0.602315 0.091146 0.069444
0 0.407552 0.602315 0.091146 0.069444
0 0.319010 0.602315 0.091146 0.069444
0 0.231771 0.602315 0.091146 0.069444
0 0.144531 0.602315 0.091146 0.069444
0 0.144531 0.533796 0.091146 0.069444
0 0.145833 0.669907 0.091146 0.069444
0 0.234375 0.669907 0.091146 0.069444
0 0.321615 0.669907 0.091146 0.069444
0 0.410156 0.669907 0.091146 0.069444
0 0.498698 0.669907 0.091146 0.069444
0 0.585938 0.669907 0.091146 0.069444
0 0.674479 0.669907 0.091146 0.069444
0 0.761719 0.670833 0.091146 0.069444
0 0.760417 0.737500 0.091146 0.069444
0 0.671875 0.737500 0.091146 0.069444
0 0.583333 0.737500 0.091146 0.069444
0 0.496094 0.737500 0.091146 0.069444
0 0.407552 0.737500 0.091146 0.069444
0 0.320312 0.738426 0.091146 0.069444
0 0.321615 0.805093 0.091146 0.069444
0 0.410156 0.805093 0.091146 0.069444
0 0.497396 0.805093 0.091146 0.069444
0 0.760417 0.600463 0.091146 0.069444
3 0.472656 0.116204 0.104167 0.073148
