2 0.223307 0.524537 0.092448 0.071296
1 0.496094 0.259259 0.101562 0.074074
2 0.223307 0.456944 0.092448 0.071296
2 0.223307 0.389352 0.092448 0.071296
2 0.223307 0.321759 0.092448 0.071296
2 0.224609 0.254167 0.092448 0.071296
2 0.313151 0.254167 0.092448 0.071296
2 0.400391 0.255093 0.092448 0.071296
2 0.399089 0.322685 0.092448 0.071296
2 0.311849 0.323611 0.092448 0.071296
2 0.311849 0.391204 0.092448 0.071296
2 0.311849 0.457870 0.092448 0.071296
2 0.231120 0.739352 0.092448 0.071296
2 0.232422 0.806019 0.092448 0.071296
2 0.319661 0.806019 0.092448 0.071296
2 0.675130 0.805093 0.092448 0.071296
2 0.762370 0.804167 0.092448 0.071296
2 0.762370 0.736574 0.092448 0.071296
2 0.770182 0.520833 0.092448 0.071296
2 0.770182 0.452315 0.092448 0.071296
2 0.770182 0.384722 0.092448 0.071296
2 0.770182 0.317130 0.092448 0.071296
2 0.768880 0.250463 0.092448 0.071296
2 0.681641 0.250463 0.092448 0.071296
2 0.594401 0.251389 0.092448 0.071296
2 0.595703 0.318056 0.092448 0.071296
2 0.682943 0.318981 0.092448 0.071296
2 0.682943 0.386574 0.092448 0.071296
2 0.682943 0.453241 0.092448 0.071296
1 0.496094 0.327778 0.101562 0.074074
1 0.494792 0.394444 0.101562 0.074074
1 0.407552 0.395370 0.101562 0.074074
1 0.408854 0.462963 0.101562 0.074074
1 0.497396 0.462037 0.101562 0.074074
1 0.584635 0.461111 0.101562 0.074074
1 0.584635 0.394444 0.101562 0.074074
1 0.407552 0.529630 0.101562 0.074074
1 0.320312 0.530556 0.101562 0.074074
1 0.319010 0.597222 0.101562 0.074074
1 0.233073 0.598148 0.101562 0.074074
1 0.234375 0.665741 0.101562 0.074074
1 0.320312 0.666667 0.101562 0.074074
1 0.321615 0.733333 0.101562 0.074074
1 0.408854 0.734259 0.101562 0.074074
1 0.410156 0.800926 0.101562 0.074074
1 0.498698 0.800926 0.101562 0.074074
1 0.584635 0.800000 0.101562 0.074074
1 0.584635 0.733333 0.101562 0.074074
1 0.497396 0.733333 0.101562 0.074074
1 0.671875 0.732407 0.101562 0.074074
1 0.673177 0.664815 0.101562 0.074074
1 0.759115 0.663889 0.101562 0.074074
1 0.757812 0.597222 0.101562 0.074074
1 0.671875 0.596296 0.101562 0.074074
1 0.670573 0.529630 0.101562 0.074074
1 0.583333 0.530556 0.101562 0.074074
1 0.583333 0.598148 0.101562 0.074074
1 0.582031 0.664815 0.101562 0.074074
1 0.493490 0.664815 0.101562 0.074074
1 0.407552 0.663889 0.101562 0.074074
1 0.408854 0.597222 0.101562 0.074074
1 0.494792 0.596296 0.101562 0.074074
1 0.494792 0.529630 0.101562 0.074074
