2 0.143880 0.213426 0.097656 0.058333
2 0.236328 0.215278 0.097656 0.058333
2 0.326172 0.210648 0.097656 0.058333
2 0.413411 0.211574 0.097656 0.058333
1 0.500000 0.264815 0.085938 0.057407
1 0.500000 0.325000 0.085938 0.057407
1 0.498698 0.386111 0.085938 0.057407
1 0.498698 0.454630 0.085938 0.057407
1 0.497396 0.522222 0.085938 0.057407
1 0.493490 0.582407 0.085938 0.057407
1 0.406250 0.590741 0.085938 0.057407
1 0.329427 0.590741 0.085938 0.057407
1 0.238281 0.595370 0.085938 0.057407
1 0.148438 0.593519 0.085938 0.057407
0 0.148438 0.264815 0.093750 0.062963
0 0.235677 0.264815 0.093750 0.062963
0 0.324219 0.264815 0.093750 0.062963
0 0.411458 0.265741 0.093750 0.062963
0 0.410156 0.332407 0.093750 0.062963
0 0.321615 0.332407 0.093750 0.062963
0 0.233073 0.332407 0.093750 0.062963
0 0.147135 0.333333 0.093750 0.062963
0 0.148438 0.400926 0.093750 0.062963
0 0.235677 0.400926 0.093750 0.062963
0 0.324219 0.400926 0.093750 0.062963
0 0.411458 0.401852 0.093750 0.062963
0 0.410156 0.468519 0.093750 0.062963
0 0.321615 0.468519 0.093750 0.062963
0 0.233073 0.468519 0.093750 0.062963
0 0.147135 0.469444 0.093750 0.062963
0 0.148438 0.536111 0.093750 0.062963
0 0.235677 0.536111 0.093750 0.062963
0 0.324219 0.536111 0.093750 0.062963
0 0.411458 0.536111 0.093750 0.062963
0 0.151042 0.666667 0.093750 0.062963
0 0.151042 0.734259 0.093750 0.062963
0 0.152344 0.801852 0.093750 0.062963
0 0.238281 0.800926 0.093750 0.062963
0 0.238281 0.732407 0.093750 0.062963
0 0.239583 0.665741 0.093750 0.062963
0 0.326823 0.666667 0.093750 0.062963
0 0.326823 0.734259 0.093750 0.062963
0 0.328125 0.801852 0.093750 0.062963
0 0.415365 0.800926 0.093750 0.062963
0 0.415365 0.732407 0.093750 0.062963
0 0.416667 0.665741 0.093750 0.062963
0 0.502604 0.666667 0.093750 0.062963
0 0.502604 0.734259 0.093750 0.062963
0 0.503906 0.801852 0.093750 0.062963
0 0.591146 0.800926 0.093750 0.062963
0 0.591146 0.732407 0.093750 0.062963
0 0.591146 0.664815 0.093750 0.062963
0 0.591146 0.597222 0.093750 0.062963
0 0.591146 0.529630 0.093750 0.062963
0 0.591146 0.461111 0.093750 0.062963
0 0.591146 0.393519 0.093750 0.062963
0 0.591146 0.325926 0.093750 0.062963
0 0.592448 0.259259 0.093750 0.062963
0 0.679688 0.260185 0.093750 0.062963
0 0.679688 0.327778 0.093750 0.062963
0 0.679688 0.395370 0.093750 0.062963
0 0.679688 0.462963 0.093750 0.062963
0 0.679688 0.531481 0.093750 0.062963
0 0.679688 0.599074 0.093750 0.062963
0 0.679688 0.666667 0.093750 0.062963
0 0.679688 0.734259 0.093750 0.062963
0 0.680990 0.801852 0.093750 0.062963
0 0.766927 0.800926 0.093750 0.062963
0 0.766927 0.732407 0.093750 0.062963
0 0.766927 0.664815 0.093750 0.062963
0 0.766927 0.597222 0.093750 0.062963
0 0.766927 0.529630 0.093750 0.062963
0 0.766927 0.461111 0.093750 0.062963
0 0.766927 0.393519 0.093750 0.062963
0 0.766927 0.325926 0.093750 0.062963
0 0.768229 0.259259 0.093750 0.062963
0 0.855469 0.260185 0.093750 0.062963
0 0.855469 0.327778 0.093750 0.062963
0 0.855469 0.395370 0.093750 0.062963
0 0.855469 0.462963 0.093750 0.062963
0 0.855469 0.531481 0.093750 0.062963
0 0.855469 0.599074 0.093750 0.062963
0 0.855469 0.666667 0.093750 0.062963
0 0.855469 0.734259 0.093750 0.062963
0 0.855469 0.801852 0.093750 0.062963
