0 0.238281 0.260185 0.091146 0.072222
0 0.328125 0.260185 0.091146 0.072222
0 0.416667 0.260185 0.091146 0.072222
0 0.503906 0.260185 0.091146 0.072222
0 0.592448 0.260185 0.091146 0.072222
0 0.680990 0.260185 0.091146 0.072222
0 0.766927 0.261111 0.091146 0.072222
0 0.765625 0.327778 0.091146 0.072222
0 0.678385 0.327778 0.091146 0.072222
0 0.589844 0.327778 0.091146 0.072222
0 0.501302 0.327778 0.091146 0.072222
0 0.414062 0.327778 0.091146 0.072222
0 0.325521 0.327778 0.091146 0.072222
0 0.238281 0.328704 0.091146 0.072222
0 0.239583 0.395370 0.091146 0.072222
0 0.328125 0.395370 0.091146 0.072222
0 0.416667 0.395370 0.091146 0.072222
0 0.503906 0.395370 0.091146 0.072222
0 0.592448 0.395370 0.091146 0.072222
0 0.680990 0.395370 0.091146 0.072222
0 0.766927 0.396296 0.091146 0.072222
0 0.765625 0.462963 0.091146 0.072222
0 0.678385 0.462963 0.091146 0.072222
0 0.589844 0.462963 0.091146 0.072222
0 0.501302 0.462963 0.091146 0.072222
0 0.414062 0.462963 0.091146 0.072222
0 0.325521 0.462963 0.091146 0.072222
0 0.238281 0.463889 0.091146 0.072222
0 0.239583 0.530556 0.091146 0.072222
0 0.328125 0.530556 0.091146 0.072222
0 0.416667 0.530556 0.091146 0.072222
0 0.503906 0.530556 0.091146 0.072222
0 0.592448 0.530556 0.091146 0.072222
0 0.680990 0.530556 0.091146 0.072222
0 0.766927 0.532407 0.091146 0.072222
0 0.765625 0.600000 0.091146 0.072222
0 0.678385 0.600000 0.091146 0.072222
0 0.589844 0.600000 0.091146 0.072222
0 0.501302 0.600000 0.091146 0.072222
0 0.412760 0.600000 0.091146 0.072222
0 0.324219 0.600000 0.091146 0.072222
0 0.236979 0.600926 0.091146 0.072222
0 0.238281 0.667593 0.091146 0.072222
0 0.326823 0.667593 0.091146 0.072222
0 0.415365 0.667593 0.091146 0.072222
0 0.502604 0.667593 0.091146 0.072222
0 0.591146 0.667593 0.091146 0.072222
0 0.679688 0.667593 0.091146 0.072222
0 0.765625 0.668519 0.091146 0.072222
0 0.763021 0.735185 0.091146 0.072222
0 0.675781 0.735185 0.091146 0.072222
0 0.587240 0.735185 0.091146 0.072222
0 0.498698 0.735185 0.091146 0.072222
0 0.411458 0.735185 0.091146 0.072222
0 0.322917 0.735185 0.091146 0.072222
0 0.235677 0.736111 0.091146 0.072222
0 0.236979 0.802778 0.091146 0.072222
0 0.326823 0.802778 0.091146 0.072222
0 0.415365 0.802778 0.091146 0.072222
0 0.502604 0.802778 0.091146 0.072222
0 0.591146 0.802778 0.091146 0.072222
0 0.679688 0.802778 0.091146 0.072222
0 0.765625 0.802778 0.091146 0.072222
