0 0.391927 0.393981 0.040104 0.071296
0 0.428385 0.392593 0.035937 0.070370
0 0.464844 0.393519 0.038021 0.072222
0 0.533333 0.396296 0.038542 0.070370
0 0.570312 0.397222 0.038542 0.070370
0 0.606250 0.399074 0.038542 0.070370
0 0.605208 0.465741 0.038542 0.070370
0 0.640104 0.465741 0.038542 0.070370
0 0.572396 0.468519 0.038542 0.070370
0 0.534896 0.463889 0.038542 0.070370
0 0.465625 0.464815 0.038542 0.070370
0 0.430208 0.464815 0.038542 0.070370
0 0.393229 0.463889 0.038542 0.070370
0 0.359375 0.464815 0.038542 0.070370
0 0.357812 0.533333 0.038542 0.070370
0 0.393229 0.534259 0.038542 0.070370
0 0.430729 0.534259 0.038542 0.070370
0 0.464583 0.535185 0.038542 0.070370
0 0.497396 0.535185 0.038542 0.070370
0 0.534375 0.534259 0.038542 0.070370
0 0.570833 0.533333 0.038542 0.070370
0 0.607292 0.533333 0.038542 0.070370
0 0.641146 0.535185 0.038542 0.070370
0 0.643229 0.603704 0.038542 0.070370
0 0.603646 0.604630 0.038542 0.070370
0 0.568750 0.605556 0.038542 0.070370
0 0.534896 0.601852 0.038542 0.070370
0 0.500521 0.600926 0.038542 0.070370
0 0.463542 0.604630 0.038542 0.070370
0 0.429167 0.600000 0.038542 0.070370
0 0.396875 0.604630 0.038542 0.070370
0 0.358854 0.602778 0.038542 0.070370
0 0.357812 0.666667 0.038542 0.070370
0 0.393750 0.667593 0.038542 0.070370
0 0.431250 0.667593 0.038542 0.070370
0 0.464583 0.668519 0.038542 0.070370
0 0.499479 0.669444 0.038542 0.070370
0 0.534896 0.669444 0.038542 0.070370
0 0.569792 0.672222 0.038542 0.070370
0 0.603646 0.671296 0.038542 0.070370
0 0.638542 0.667593 0.038542 0.070370
