2 0.149089 0.214815 0.108073 0.064815
2 0.326172 0.213889 0.108073 0.064815
2 0.501953 0.209259 0.108073 0.064815
2 0.679036 0.212037 0.108073 0.064815
2 0.858724 0.212037 0.108073 0.064815
1 0.326823 0.464352 0.078125 0.062037
1 0.674479 0.468981 0.078125 0.062037
1 0.250000 0.737500 0.078125 0.062037
1 0.236979 0.797685 0.078125 0.062037
1 0.415365 0.739352 0.078125 0.062037
1 0.410156 0.799537 0.078125 0.062037
1 0.582031 0.737500 0.078125 0.062037
1 0.585938 0.802315 0.078125 0.062037
1 0.755208 0.736574 0.078125 0.062037
1 0.756510 0.806019 0.078125 0.062037
0 0.144531 0.736574 0.096354 0.065741
0 0.145833 0.804167 0.096354 0.065741
0 0.333333 0.737500 0.096354 0.065741
0 0.324219 0.811574 0.096354 0.065741
0 0.496094 0.738426 0.096354 0.065741
0 0.497396 0.805093 0.096354 0.065741
0 0.674479 0.743056 0.096354 0.065741
0 0.670573 0.806019 0.096354 0.065741
0 0.842448 0.736574 0.096354 0.065741
0 0.847656 0.804167 0.096354 0.065741
0 0.147135 0.668981 0.098958 0.069444
0 0.234375 0.668981 0.098958 0.069444
0 0.322917 0.668981 0.098958 0.069444
0 0.411458 0.668981 0.098958 0.069444
0 0.498698 0.668981 0.098958 0.069444
0 0.587240 0.668981 0.098958 0.069444
0 0.675781 0.668981 0.098958 0.069444
0 0.763021 0.668981 0.098958 0.069444
0 0.850260 0.668056 0.098958 0.069444
0 0.848958 0.601389 0.098958 0.069444
0 0.760417 0.601389 0.098958 0.069444
0 0.673177 0.601389 0.098958 0.069444
0 0.584635 0.601389 0.098958 0.069444
0 0.496094 0.601389 0.098958 0.069444
0 0.408854 0.601389 0.098958 0.069444
0 0.320312 0.601389 0.098958 0.069444
0 0.231771 0.601389 0.098958 0.069444
0 0.145833 0.600463 0.098958 0.069444
0 0.147135 0.533796 0.098958 0.069444
0 0.234375 0.533796 0.098958 0.069444
0 0.322917 0.533796 0.098958 0.069444
0 0.411458 0.533796 0.098958 0.069444
0 0.498698 0.533796 0.098958 0.069444
0 0.587240 0.533796 0.098958 0.069444
0 0.675781 0.533796 0.098958 0.069444
0 0.763021 0.533796 0.098958 0.069444
0 0.850260 0.532870 0.098958 0.069444
0 0.848958 0.466204 0.098958 0.069444
0 0.761719 0.465278 0.098958 0.069444
0 0.763021 0.397685 0.098958 0.069444
0 0.850260 0.396759 0.098958 0.069444
0 0.850260 0.329167 0.098958 0.069444
0 0.848958 0.262500 0.098958 0.069444
0 0.761719 0.263426 0.098958 0.069444
0 0.760417 0.330093 0.098958 0.069444
0 0.674479 0.331019 0.098958 0.069444
0 0.673177 0.397685 0.098958 0.069444
0 0.585938 0.398611 0.098958 0.069444
0 0.584635 0.466204 0.098958 0.069444
0 0.496094 0.466204 0.098958 0.069444
0 0.410156 0.465278 0.098958 0.069444
0 0.411458 0.397685 0.098958 0.069444
0 0.497396 0.396759 0.098958 0.069444
0 0.498698 0.330093 0.098958 0.069444
0 0.585938 0.329167 0.098958 0.069444
0 0.584635 0.262500 0.098958 0.069444
0 0.496094 0.262500 0.098958 0.069444
0 0.410156 0.263426 0.098958 0.069444
0 0.408854 0.330093 0.098958 0.069444
0 0.321615 0.331019 0.098958 0.069444
0 0.320312 0.397685 0.098958 0.069444
0 0.233073 0.398611 0.098958 0.069444
0 0.231771 0.466204 0.098958 0.069444
0 0.145833 0.465278 0.098958 0.069444
0 0.145833 0.396759 0.098958 0.069444
0 0.145833 0.329167 0.098958 0.069444
0 0.147135 0.262500 0.098958 0.069444
0 0.234375 0.263426 0.098958 0.069444
0 0.321615 0.262500 0.098958 0.069444
0 0.234375 0.330093 0.098958 0.069444
