2 0.498698 0.212500 0.096354 0.058333
0 0.146484 0.259259 0.095052 0.074074
0 0.236328 0.260185 0.095052 0.074074
0 0.319661 0.261111 0.095052 0.074074
0 0.406901 0.262037 0.095052 0.074074
0 0.498047 0.265741 0.095052 0.074074
0 0.580078 0.260185 0.095052 0.074074
0 0.675130 0.256481 0.095052 0.074074
0 0.764974 0.260185 0.095052 0.074074
0 0.856120 0.263889 0.095052 0.074074
0 0.854818 0.331481 0.095052 0.074074
0 0.766276 0.331481 0.095052 0.074074
0 0.677734 0.331481 0.095052 0.074074
0 0.589193 0.331481 0.095052 0.074074
0 0.500651 0.331481 0.095052 0.074074
0 0.412109 0.331481 0.095052 0.074074
0 0.324870 0.331481 0.095052 0.074074
0 0.236328 0.331481 0.095052 0.074074
0 0.236328 0.331481 0.095052 0.074074
0 0.150391 0.332407 0.095052 0.074074
0 0.150391 0.400000 0.095052 0.074074
0 0.151693 0.466667 0.095052 0.074074
0 0.237630 0.465741 0.095052 0.074074
0 0.238932 0.399074 0.095052 0.074074
0 0.326172 0.400000 0.095052 0.074074
0 0.327474 0.466667 0.095052 0.074074
0 0.414714 0.465741 0.095052 0.074074
0 0.416016 0.399074 0.095052 0.074074
0 0.501953 0.400000 0.095052 0.074074
0 0.503255 0.466667 0.095052 0.074074
0 0.590495 0.465741 0.095052 0.074074
0 0.591797 0.399074 0.095052 0.074074
0 0.679688 0.400000 0.096354 0.074074
0 0.680990 0.466667 0.096354 0.074074
0 0.774089 0.475000 0.095052 0.074074
0 0.679036 0.398148 0.095052 0.074074
0 0.768880 0.398148 0.095052 0.074074
0 0.856120 0.399074 0.095052 0.074074
0 0.856120 0.466667 0.095052 0.074074
0 0.854818 0.534259 0.095052 0.074074
0 0.766276 0.534259 0.095052 0.074074
0 0.677734 0.534259 0.095052 0.074074
0 0.589844 0.534259 0.096354 0.074074
0 0.501302 0.534259 0.096354 0.074074
0 0.412760 0.534259 0.096354 0.074074
0 0.325521 0.534259 0.096354 0.074074
0 0.236979 0.534259 0.096354 0.074074
0 0.149740 0.535185 0.096354 0.074074
0 0.151042 0.601852 0.096354 0.074074
0 0.239583 0.601852 0.096354 0.074074
0 0.328125 0.601852 0.096354 0.074074
0 0.415365 0.601852 0.096354 0.074074
0 0.503906 0.601852 0.096354 0.074074
0 0.592448 0.601852 0.096354 0.074074
0 0.680339 0.601852 0.095052 0.074074
0 0.768880 0.601852 0.095052 0.074074
0 0.856120 0.602778 0.095052 0.074074
0 0.854818 0.669444 0.095052 0.074074
0 0.766276 0.669444 0.095052 0.074074
0 0.677734 0.669444 0.095052 0.074074
0 0.589844 0.669444 0.096354 0.074074
0 0.501302 0.669444 0.096354 0.074074
0 0.412760 0.669444 0.096354 0.074074
0 0.325521 0.669444 0.096354 0.074074
0 0.236979 0.669444 0.096354 0.074074
0 0.149740 0.670370 0.096354 0.074074
0 0.151042 0.737037 0.096354 0.074074
0 0.239583 0.737037 0.096354 0.074074
0 0.328125 0.737037 0.096354 0.074074
0 0.415365 0.737037 0.096354 0.074074
0 0.503906 0.737037 0.096354 0.074074
0 0.592448 0.737037 0.096354 0.074074
0 0.681641 0.737037 0.095052 0.074074
0 0.770182 0.737037 0.095052 0.074074
0 0.857422 0.737963 0.095052 0.074074
0 0.856120 0.804630 0.095052 0.074074
0 0.767578 0.804630 0.095052 0.074074
0 0.679036 0.804630 0.095052 0.074074
0 0.591146 0.804630 0.096354 0.074074
0 0.502604 0.804630 0.096354 0.074074
0 0.414062 0.804630 0.096354 0.074074
0 0.326823 0.804630 0.096354 0.074074
0 0.238281 0.804630 0.096354 0.074074
0 0.151042 0.804630 0.096354 0.074074
3 0.473307 0.118519 0.105469 0.074074
