2 0.496745 0.212037 0.079427 0.066667
0 0.146484 0.257407 0.095052 0.072222
0 0.233724 0.331481 0.095052 0.072222
0 0.150391 0.393519 0.095052 0.072222
0 0.233724 0.464815 0.095052 0.072222
0 0.147786 0.529630 0.095052 0.072222
0 0.236328 0.604630 0.095052 0.072222
0 0.150391 0.662963 0.095052 0.072222
0 0.232422 0.729630 0.095052 0.072222
0 0.237630 0.795370 0.095052 0.072222
0 0.850911 0.262963 0.095052 0.072222
0 0.764974 0.330556 0.095052 0.072222
0 0.849609 0.392593 0.095052 0.072222
0 0.757161 0.465741 0.095052 0.072222
0 0.839193 0.524074 0.095052 0.072222
0 0.770182 0.597222 0.095052 0.072222
0 0.850911 0.662963 0.095052 0.072222
0 0.761068 0.731481 0.095052 0.072222
0 0.764974 0.804630 0.095052 0.072222
0 0.326172 0.259259 0.095052 0.072222
0 0.414714 0.259259 0.095052 0.072222
0 0.503255 0.259259 0.095052 0.072222
0 0.590495 0.259259 0.095052 0.072222
0 0.677734 0.260185 0.095052 0.072222
0 0.676432 0.326852 0.095052 0.072222
0 0.587891 0.326852 0.095052 0.072222
0 0.500651 0.326852 0.095052 0.072222
0 0.412109 0.326852 0.095052 0.072222
0 0.324870 0.327778 0.095052 0.072222
0 0.324870 0.395370 0.095052 0.072222
0 0.326172 0.462037 0.095052 0.072222
0 0.413411 0.461111 0.095052 0.072222
0 0.414714 0.394444 0.095052 0.072222
0 0.503255 0.394444 0.095052 0.072222
0 0.590495 0.394444 0.095052 0.072222
0 0.677734 0.395370 0.095052 0.072222
0 0.676432 0.462037 0.095052 0.072222
0 0.589193 0.462963 0.095052 0.072222
0 0.590495 0.530556 0.095052 0.072222
0 0.677734 0.531481 0.095052 0.072222
0 0.676432 0.598148 0.095052 0.072222
0 0.589193 0.599074 0.095052 0.072222
0 0.590495 0.665741 0.095052 0.072222
0 0.677734 0.666667 0.095052 0.072222
0 0.677734 0.734259 0.095052 0.072222
0 0.676432 0.801852 0.095052 0.072222
0 0.589193 0.800926 0.095052 0.072222
0 0.587891 0.733333 0.095052 0.072222
0 0.501953 0.734259 0.095052 0.072222
0 0.500651 0.801852 0.095052 0.072222
0 0.412109 0.801852 0.095052 0.072222
0 0.324870 0.800926 0.095052 0.072222
0 0.326172 0.733333 0.095052 0.072222
0 0.413411 0.732407 0.095052 0.072222
0 0.412109 0.665741 0.095052 0.072222
0 0.324870 0.664815 0.095052 0.072222
0 0.326172 0.598148 0.095052 0.072222
0 0.414714 0.598148 0.095052 0.072222
0 0.501953 0.597222 0.095052 0.072222
0 0.500651 0.530556 0.095052 0.072222
0 0.412109 0.530556 0.095052 0.072222
0 0.324870 0.530556 0.095052 0.072222
2 0.141276 0.470370 0.079427 0.066667
2 0.849609 0.470370 0.079427 0.066667
0 0.143229 0.734722 0.078125 0.067593
0 0.136719 0.800463 0.078125 0.067593
0 0.243490 0.660648 0.078125 0.067593
0 0.144531 0.595833 0.078125 0.067593
0 0.236979 0.531019 0.078125 0.067593
0 0.238932 0.394444 0.095052 0.072222
0 0.151693 0.336111 0.095052 0.072222
0 0.242839 0.257407 0.095052 0.072222
0 0.763672 0.255556 0.095052 0.072222
0 0.852214 0.327778 0.095052 0.072222
0 0.764974 0.394444 0.095052 0.072222
0 0.764974 0.534259 0.095052 0.072222
0 0.856120 0.594444 0.095052 0.072222
0 0.766276 0.661111 0.095052 0.072222
0 0.857422 0.736111 0.095052 0.072222
0 0.857422 0.808333 0.095052 0.072222
3 0.472005 0.118056 0.105469 0.071296
