0 0.141276 0.257870 0.092448 0.071296
0 0.229818 0.257870 0.092448 0.071296
0 0.318359 0.258796 0.092448 0.071296
0 0.315755 0.325463 0.092448 0.071296
0 0.227214 0.325463 0.092448 0.071296
0 0.139974 0.326389 0.092448 0.071296
0 0.139974 0.393981 0.092448 0.071296
0 0.139974 0.461574 0.092448 0.071296
0 0.139974 0.530093 0.092448 0.071296
0 0.139974 0.597685 0.092448 0.071296
0 0.141276 0.664352 0.092448 0.071296
0 0.228516 0.663426 0.092448 0.071296
0 0.228516 0.595833 0.092448 0.071296
0 0.228516 0.528241 0.092448 0.071296
0 0.228516 0.459722 0.092448 0.071296
0 0.229818 0.393056 0.092448 0.071296
0 0.317057 0.393981 0.092448 0.071296
0 0.317057 0.461574 0.092448 0.071296
0 0.317057 0.530093 0.092448 0.071296
0 0.317057 0.597685 0.092448 0.071296
0 0.317057 0.665278 0.092448 0.071296
0 0.315755 0.732870 0.092448 0.071296
0 0.228516 0.731944 0.092448 0.071296
0 0.317057 0.799537 0.092448 0.071296
0 0.404297 0.798611 0.092448 0.071296
0 0.404297 0.731019 0.092448 0.071296
0 0.404297 0.662500 0.092448 0.071296
0 0.404297 0.594907 0.092448 0.071296
0 0.404297 0.527315 0.092448 0.071296
0 0.404297 0.459722 0.092448 0.071296
0 0.405599 0.392130 0.092448 0.071296
0 0.492839 0.393056 0.092448 0.071296
0 0.492839 0.461574 0.092448 0.071296
0 0.492839 0.529167 0.092448 0.071296
0 0.492839 0.596759 0.092448 0.071296
0 0.492839 0.664352 0.092448 0.071296
0 0.492839 0.732870 0.092448 0.071296
0 0.494141 0.799537 0.092448 0.071296
0 0.580078 0.798611 0.092448 0.071296
0 0.580078 0.731019 0.092448 0.071296
0 0.580078 0.662500 0.092448 0.071296
0 0.580078 0.594907 0.092448 0.071296
0 0.580078 0.527315 0.092448 0.071296
0 0.580078 0.459722 0.092448 0.071296
0 0.580078 0.391204 0.092448 0.071296
0 0.580078 0.323611 0.092448 0.071296
0 0.581380 0.256944 0.092448 0.071296
0 0.669922 0.256944 0.092448 0.071296
0 0.758464 0.256944 0.092448 0.071296
0 0.844401 0.257870 0.092448 0.071296
0 0.843099 0.324537 0.092448 0.071296
0 0.755859 0.324537 0.092448 0.071296
0 0.668620 0.325463 0.092448 0.071296
0 0.669922 0.392130 0.092448 0.071296
0 0.758464 0.392130 0.092448 0.071296
0 0.844401 0.393056 0.092448 0.071296
0 0.843099 0.460648 0.092448 0.071296
0 0.755859 0.460648 0.092448 0.071296
0 0.668620 0.461574 0.092448 0.071296
0 0.668620 0.529167 0.092448 0.071296
0 0.668620 0.596759 0.092448 0.071296
0 0.668620 0.664352 0.092448 0.071296
0 0.668620 0.732870 0.092448 0.071296
0 0.669922 0.799537 0.092448 0.071296
0 0.757161 0.798611 0.092448 0.071296
0 0.757161 0.731019 0.092448 0.071296
0 0.758464 0.663426 0.092448 0.071296
0 0.844401 0.664352 0.092448 0.071296
0 0.844401 0.732870 0.092448 0.071296
0 0.844401 0.799537 0.092448 0.071296
1 0.405599 0.258796 0.092448 0.071296
1 0.492839 0.259722 0.092448 0.071296
1 0.491536 0.326389 0.092448 0.071296
1 0.404297 0.326389 0.092448 0.071296
1 0.767578 0.531019 0.092448 0.071296
1 0.856120 0.531019 0.092448 0.071296
1 0.848307 0.593981 0.092448 0.071296
1 0.770182 0.594907 0.092448 0.071296
1 0.227865 0.805093 0.093750 0.071296
1 0.135417 0.802315 0.093750 0.071296
1 0.136719 0.739352 0.093750 0.071296
