2 0.145833 0.246296 0.091146 0.059259
2 0.233073 0.246296 0.091146 0.059259
2 0.321615 0.246296 0.091146 0.059259
2 0.410156 0.246296 0.091146 0.059259
2 0.497396 0.246296 0.091146 0.059259
2 0.585938 0.246296 0.091146 0.059259
2 0.674479 0.246296 0.091146 0.059259
2 0.761719 0.246296 0.091146 0.059259
2 0.848958 0.246296 0.091146 0.059259
2 0.847656 0.442593 0.091146 0.059259
2 0.760417 0.442593 0.091146 0.059259
2 0.671875 0.442593 0.091146 0.059259
2 0.583333 0.442593 0.091146 0.059259
2 0.496094 0.442593 0.091146 0.059259
2 0.407552 0.442593 0.091146 0.059259
2 0.319010 0.442593 0.091146 0.059259
2 0.231771 0.442593 0.091146 0.059259
2 0.144531 0.442593 0.091146 0.059259
2 0.148438 0.649074 0.091146 0.059259
2 0.236979 0.649074 0.091146 0.059259
2 0.325521 0.649074 0.091146 0.059259
2 0.412760 0.649074 0.091146 0.059259
2 0.501302 0.649074 0.091146 0.059259
2 0.589844 0.649074 0.091146 0.059259
2 0.677083 0.649074 0.091146 0.059259
2 0.765625 0.649074 0.091146 0.059259
2 0.852865 0.649074 0.091146 0.059259
0 0.143229 0.295833 0.098958 0.065741
0 0.230469 0.295833 0.098958 0.065741
0 0.319010 0.295833 0.098958 0.065741
0 0.407552 0.295833 0.098958 0.065741
0 0.494792 0.295833 0.098958 0.065741
0 0.583333 0.295833 0.098958 0.065741
0 0.671875 0.295833 0.098958 0.065741
0 0.759115 0.295833 0.098958 0.065741
0 0.846354 0.296759 0.098958 0.065741
0 0.845052 0.363426 0.098958 0.065741
0 0.756510 0.363426 0.098958 0.065741
0 0.669271 0.363426 0.098958 0.065741
0 0.580729 0.363426 0.098958 0.065741
0 0.492188 0.363426 0.098958 0.065741
0 0.404948 0.363426 0.098958 0.065741
0 0.316406 0.363426 0.098958 0.065741
0 0.227865 0.363426 0.098958 0.065741
0 0.141927 0.363426 0.098958 0.065741
0 0.148438 0.498611 0.098958 0.065741
0 0.236979 0.498611 0.098958 0.065741
0 0.325521 0.498611 0.098958 0.065741
0 0.412760 0.498611 0.098958 0.065741
0 0.501302 0.498611 0.098958 0.065741
0 0.589844 0.498611 0.098958 0.065741
0 0.677083 0.498611 0.098958 0.065741
0 0.765625 0.498611 0.098958 0.065741
0 0.765625 0.498611 0.098958 0.065741
0 0.851562 0.499537 0.098958 0.065741
0 0.850260 0.566204 0.098958 0.065741
0 0.763021 0.566204 0.098958 0.065741
0 0.674479 0.566204 0.098958 0.065741
0 0.585938 0.566204 0.098958 0.065741
0 0.498698 0.566204 0.098958 0.065741
0 0.410156 0.566204 0.098958 0.065741
0 0.321615 0.566204 0.098958 0.065741
0 0.234375 0.566204 0.098958 0.065741
0 0.147135 0.566204 0.098958 0.065741
0 0.154948 0.704167 0.098958 0.065741
0 0.243490 0.704167 0.098958 0.065741
0 0.330729 0.704167 0.098958 0.065741
0 0.419271 0.704167 0.098958 0.065741
0 0.507812 0.704167 0.098958 0.065741
0 0.595052 0.704167 0.098958 0.065741
0 0.683594 0.704167 0.098958 0.065741
0 0.772135 0.704167 0.098958 0.065741
0 0.858073 0.705093 0.098958 0.065741
0 0.856771 0.772685 0.098958 0.065741
0 0.769531 0.772685 0.098958 0.065741
0 0.680990 0.772685 0.098958 0.065741
0 0.592448 0.772685 0.098958 0.065741
0 0.505208 0.772685 0.098958 0.065741
0 0.416667 0.772685 0.098958 0.065741
0 0.328125 0.772685 0.098958 0.065741
0 0.240885 0.772685 0.098958 0.065741
0 0.153646 0.772685 0.098958 0.065741
