0 0.498047 0.258796 0.100260 0.069444
0 0.324870 0.804630 0.087240 0.068519
0 0.413411 0.804630 0.087240 0.068519
0 0.501953 0.804630 0.087240 0.068519
0 0.589193 0.804630 0.087240 0.068519
0 0.676432 0.803704 0.087240 0.068519
0 0.676432 0.736111 0.087240 0.068519
0 0.586589 0.736111 0.087240 0.068519
0 0.499349 0.736111 0.087240 0.068519
0 0.410807 0.736111 0.087240 0.068519
0 0.322266 0.736111 0.087240 0.068519
0 0.236328 0.735185 0.087240 0.068519
0 0.763672 0.734259 0.087240 0.068519
0 0.762370 0.666667 0.087240 0.068519
0 0.673828 0.666667 0.087240 0.068519
0 0.586589 0.666667 0.087240 0.068519
0 0.498047 0.666667 0.087240 0.068519
0 0.409505 0.666667 0.087240 0.068519
0 0.322266 0.666667 0.087240 0.068519
0 0.235026 0.665741 0.087240 0.068519
0 0.233724 0.599074 0.087240 0.068519
0 0.146484 0.598148 0.087240 0.068519
0 0.147786 0.531481 0.087240 0.068519
0 0.235026 0.530556 0.087240 0.068519
0 0.236328 0.463889 0.087240 0.068519
0 0.323568 0.462963 0.087240 0.068519
0 0.324870 0.395370 0.087240 0.068519
0 0.410807 0.394444 0.087240 0.068519
0 0.412109 0.327778 0.087240 0.068519
0 0.500651 0.327778 0.087240 0.068519
0 0.587891 0.328704 0.087240 0.068519
0 0.589193 0.395370 0.087240 0.068519
0 0.675130 0.396296 0.087240 0.068519
0 0.676432 0.463889 0.087240 0.068519
0 0.763672 0.464815 0.087240 0.068519
0 0.764974 0.531481 0.087240 0.068519
0 0.852214 0.532407 0.087240 0.068519
0 0.850911 0.599074 0.087240 0.068519
0 0.762370 0.599074 0.087240 0.068519
0 0.673828 0.599074 0.087240 0.068519
0 0.586589 0.599074 0.087240 0.068519
0 0.498047 0.599074 0.087240 0.068519
0 0.409505 0.599074 0.087240 0.068519
0 0.323568 0.598148 0.087240 0.068519
0 0.324870 0.531481 0.087240 0.068519
0 0.413411 0.531481 0.087240 0.068519
0 0.501953 0.531481 0.087240 0.068519
0 0.589193 0.530556 0.087240 0.068519
0 0.676432 0.531481 0.087240 0.068519
0 0.587891 0.463889 0.087240 0.068519
0 0.499349 0.462963 0.087240 0.068519
0 0.412109 0.463889 0.087240 0.068519
0 0.499349 0.396296 0.087240 0.068519
1 0.402995 0.255556 0.087240 0.070370
1 0.315755 0.256481 0.087240 0.070370
1 0.314453 0.324074 0.087240 0.070370
1 0.228516 0.325000 0.087240 0.070370
1 0.227214 0.391667 0.087240 0.070370
1 0.139974 0.391667 0.087240 0.070370
1 0.139974 0.459259 0.087240 0.070370
1 0.139974 0.324074 0.087240 0.070370
1 0.141276 0.257407 0.087240 0.070370
1 0.227214 0.257407 0.087240 0.070370
1 0.591797 0.255556 0.087240 0.070370
1 0.673828 0.254630 0.087240 0.070370
1 0.680339 0.321296 0.087240 0.070370
1 0.857422 0.460185 0.087240 0.070370
1 0.856120 0.392593 0.087240 0.070370
1 0.768880 0.391667 0.087240 0.070370
1 0.770182 0.325000 0.087240 0.070370
1 0.857422 0.324074 0.087240 0.070370
1 0.856120 0.257407 0.087240 0.070370
1 0.768880 0.257407 0.087240 0.070370
1 0.852214 0.666667 0.087240 0.070370
1 0.853516 0.733333 0.087240 0.070370
1 0.768880 0.803704 0.087240 0.070370
1 0.854818 0.802778 0.087240 0.070370
1 0.227214 0.810185 0.087240 0.070370
1 0.145182 0.806481 0.087240 0.070370
1 0.138672 0.735185 0.087240 0.070370
1 0.138672 0.672222 0.087240 0.070370
3 0.394531 0.117130 0.096354 0.069444
3 0.560547 0.117130 0.095052 0.065741
