0 0.192708 0.260648 0.088542 0.073148
0 0.281250 0.329167 0.091146 0.063889
0 0.190104 0.397685 0.088542 0.069444
0 0.280599 0.464815 0.089844 0.064815
0 0.188802 0.534722 0.085938 0.067593
0 0.806641 0.262500 0.082031 0.065741
0 0.717448 0.330093 0.085938 0.065741
0 0.805990 0.395833 0.085938 0.067593
0 0.717448 0.465741 0.091146 0.068519
0 0.809896 0.535648 0.098958 0.075000
0 0.455729 0.600463 0.085938 0.067593
0 0.542969 0.601389 0.085938 0.067593
0 0.544271 0.668981 0.085938 0.067593
0 0.630208 0.669907 0.085938 0.067593
0 0.630208 0.737500 0.085938 0.067593
0 0.628906 0.804167 0.085938 0.067593
0 0.542969 0.803241 0.085938 0.067593
0 0.541667 0.736574 0.085938 0.067593
0 0.454427 0.737500 0.085938 0.067593
0 0.453125 0.804167 0.085938 0.067593
0 0.365885 0.803241 0.085938 0.067593
0 0.365885 0.735648 0.085938 0.067593
0 0.367188 0.668981 0.085938 0.067593
0 0.454427 0.668981 0.085938 0.067593
1 0.281250 0.260648 0.088542 0.073148
1 0.369792 0.261574 0.088542 0.073148
1 0.458333 0.260648 0.088542 0.073148
1 0.545573 0.260648 0.088542 0.073148
1 0.634115 0.260648 0.088542 0.073148
1 0.721354 0.260648 0.088542 0.073148
1 0.190104 0.329167 0.088542 0.073148
1 0.183594 0.464352 0.088542 0.073148
1 0.805990 0.327315 0.088542 0.073148
1 0.811198 0.465278 0.088542 0.073148
1 0.371094 0.328241 0.088542 0.073148
1 0.458333 0.328241 0.088542 0.073148
1 0.546875 0.328241 0.088542 0.073148
1 0.634115 0.329167 0.088542 0.073148
1 0.634115 0.395833 0.088542 0.073148
1 0.721354 0.395833 0.088542 0.073148
1 0.545573 0.395833 0.088542 0.073148
1 0.457031 0.395833 0.088542 0.073148
1 0.368490 0.396759 0.088542 0.073148
1 0.282552 0.395833 0.088542 0.073148
1 0.369792 0.464352 0.088542 0.073148
1 0.457031 0.463426 0.088542 0.073148
1 0.545573 0.463426 0.088542 0.073148
1 0.633464 0.464352 0.089844 0.073148
1 0.634766 0.532870 0.089844 0.073148
1 0.722656 0.531944 0.088542 0.073148
1 0.368490 0.531944 0.088542 0.073148
1 0.282552 0.531019 0.088542 0.073148
1 0.367188 0.598611 0.088542 0.073148
1 0.278646 0.598611 0.088542 0.073148
1 0.191406 0.599537 0.088542 0.073148
1 0.192708 0.666204 0.088542 0.073148
1 0.279948 0.667130 0.088542 0.073148
1 0.278646 0.733796 0.088542 0.073148
1 0.191406 0.734722 0.088542 0.073148
1 0.192708 0.802315 0.088542 0.073148
1 0.279948 0.802315 0.088542 0.073148
1 0.636068 0.600463 0.089844 0.073148
1 0.723958 0.600463 0.088542 0.073148
1 0.811198 0.601389 0.088542 0.073148
1 0.809896 0.668056 0.088542 0.073148
1 0.722656 0.668981 0.088542 0.073148
1 0.723958 0.735648 0.088542 0.073148
1 0.811198 0.736574 0.088542 0.073148
1 0.809896 0.803241 0.088542 0.073148
1 0.722656 0.803241 0.088542 0.073148
2 0.457031 0.531019 0.083333 0.067593
2 0.544271 0.531019 0.083333 0.067593
