0 0.411458 0.295370 0.093750 0.072222
0 0.500000 0.295370 0.093750 0.072222
0 0.587240 0.296296 0.093750 0.072222
0 0.588542 0.362963 0.093750 0.072222
0 0.674479 0.363889 0.093750 0.072222
0 0.675781 0.430556 0.093750 0.072222
0 0.763021 0.431481 0.093750 0.072222
0 0.761719 0.499074 0.093750 0.072222
0 0.674479 0.500000 0.093750 0.072222
0 0.675781 0.566667 0.093750 0.072222
0 0.763021 0.567593 0.093750 0.072222
0 0.761719 0.634259 0.093750 0.072222
0 0.674479 0.635185 0.093750 0.072222
0 0.673177 0.701852 0.093750 0.072222
0 0.587240 0.702778 0.093750 0.072222
0 0.585938 0.770370 0.093750 0.072222
0 0.497396 0.770370 0.093750 0.072222
0 0.410156 0.769444 0.093750 0.072222
0 0.411458 0.701852 0.093750 0.072222
0 0.498698 0.700926 0.093750 0.072222
0 0.500000 0.634259 0.093750 0.072222
0 0.587240 0.633333 0.093750 0.072222
0 0.587240 0.565741 0.093750 0.072222
0 0.587240 0.498148 0.093750 0.072222
0 0.585938 0.430556 0.093750 0.072222
0 0.498698 0.429630 0.093750 0.072222
0 0.497396 0.362963 0.093750 0.072222
0 0.408854 0.362963 0.093750 0.072222
0 0.322917 0.363889 0.093750 0.072222
0 0.324219 0.430556 0.093750 0.072222
0 0.410156 0.431481 0.093750 0.072222
0 0.411458 0.499074 0.093750 0.072222
0 0.498698 0.500000 0.093750 0.072222
0 0.497396 0.566667 0.093750 0.072222
0 0.410156 0.567593 0.093750 0.072222
0 0.408854 0.634259 0.093750 0.072222
0 0.320312 0.635185 0.093750 0.072222
0 0.321615 0.702778 0.093750 0.072222
0 0.233073 0.634259 0.093750 0.072222
0 0.234375 0.566667 0.093750 0.072222
0 0.233073 0.499074 0.093750 0.072222
0 0.233073 0.432407 0.093750 0.072222
0 0.321615 0.566667 0.093750 0.072222
1 0.318359 0.290741 0.087240 0.066667
1 0.231120 0.291667 0.087240 0.066667
1 0.223307 0.701852 0.087240 0.066667
1 0.225911 0.358333 0.087240 0.066667
1 0.225911 0.768519 0.087240 0.066667
1 0.313151 0.770370 0.087240 0.066667
1 0.677734 0.772222 0.087240 0.066667
1 0.764974 0.774074 0.087240 0.066667
1 0.766276 0.707407 0.087240 0.066667
1 0.767578 0.356481 0.087240 0.066667
1 0.771484 0.287963 0.087240 0.066667
1 0.676432 0.292593 0.087240 0.066667
3 0.472656 0.115741 0.101562 0.072222
