2 0.495443 0.211111 0.097656 0.066667
0 0.144531 0.261111 0.101562 0.074074
1 0.398438 0.257870 0.088542 0.067593
1 0.329427 0.259722 0.088542 0.067593
1 0.309896 0.320833 0.088542 0.067593
1 0.240885 0.324537 0.088542 0.067593
1 0.234375 0.397685 0.088542 0.067593
1 0.143229 0.395833 0.088542 0.067593
1 0.488281 0.331944 0.088542 0.067593
1 0.582031 0.254167 0.088542 0.067593
1 0.661458 0.253241 0.088542 0.067593
1 0.677083 0.316204 0.088542 0.067593
1 0.747396 0.326389 0.088542 0.067593
1 0.760417 0.387500 0.088542 0.067593
1 0.843750 0.388426 0.088542 0.067593
1 0.584635 0.398611 0.088542 0.067593
1 0.419271 0.399537 0.088542 0.067593
1 0.238281 0.453241 0.088542 0.067593
1 0.321615 0.466204 0.088542 0.067593
1 0.493490 0.466204 0.088542 0.067593
1 0.679688 0.471759 0.088542 0.067593
1 0.756510 0.460648 0.088542 0.067593
2 0.412109 0.466667 0.097656 0.066667
2 0.585286 0.467593 0.097656 0.066667
1 0.865885 0.527315 0.088542 0.067593
1 0.680990 0.530093 0.088542 0.067593
1 0.667969 0.593981 0.088542 0.067593
1 0.753906 0.597685 0.088542 0.067593
1 0.858073 0.662500 0.088542 0.067593
1 0.662760 0.665278 0.088542 0.067593
1 0.744792 0.731944 0.088542 0.067593
1 0.845052 0.801389 0.088542 0.067593
1 0.680990 0.802315 0.088542 0.067593
1 0.671875 0.736574 0.088542 0.067593
1 0.317708 0.802315 0.088542 0.067593
1 0.143229 0.804167 0.088542 0.067593
1 0.239583 0.741204 0.088542 0.067593
1 0.131510 0.668981 0.088542 0.067593
1 0.238281 0.603241 0.088542 0.067593
1 0.131510 0.529167 0.088542 0.067593
1 0.320312 0.593981 0.088542 0.067593
1 0.319010 0.537500 0.088542 0.067593
1 0.322917 0.668981 0.088542 0.067593
1 0.320312 0.741204 0.088542 0.067593
0 0.235677 0.262963 0.101562 0.074074
0 0.136719 0.325000 0.101562 0.074074
0 0.128906 0.461111 0.101562 0.074074
0 0.229167 0.528704 0.101562 0.074074
0 0.140625 0.600926 0.101562 0.074074
0 0.231771 0.667593 0.101562 0.074074
0 0.149740 0.727778 0.101562 0.074074
0 0.230469 0.802778 0.101562 0.074074
0 0.756510 0.801852 0.101562 0.074074
0 0.841146 0.733333 0.101562 0.074074
0 0.757812 0.661111 0.101562 0.074074
0 0.841146 0.597222 0.101562 0.074074
0 0.756510 0.531481 0.101562 0.074074
0 0.833333 0.465741 0.101562 0.074074
0 0.846354 0.267593 0.101562 0.074074
0 0.764323 0.256481 0.101562 0.074074
0 0.851562 0.327778 0.101562 0.074074
0 0.410156 0.318519 0.101562 0.074074
0 0.488281 0.271296 0.101562 0.074074
0 0.576823 0.323148 0.101562 0.074074
0 0.666667 0.392593 0.101562 0.074074
0 0.492188 0.397222 0.101562 0.074074
0 0.322917 0.398148 0.101562 0.074074
0 0.417969 0.525926 0.101562 0.074074
0 0.506510 0.525926 0.101562 0.074074
0 0.592448 0.526852 0.101562 0.074074
0 0.591146 0.594444 0.101562 0.074074
0 0.503906 0.594444 0.101562 0.074074
0 0.416667 0.595370 0.101562 0.074074
0 0.417969 0.662037 0.101562 0.074074
0 0.506510 0.662037 0.101562 0.074074
0 0.592448 0.662963 0.101562 0.074074
0 0.591146 0.729630 0.101562 0.074074
0 0.503906 0.729630 0.101562 0.074074
0 0.416667 0.730556 0.101562 0.074074
0 0.417969 0.797222 0.101562 0.074074
0 0.506510 0.797222 0.101562 0.074074
0 0.592448 0.797222 0.101562 0.074074
