1 0.409505 0.465278 0.074219 0.060185
1 0.494141 0.532870 0.074219 0.060185
1 0.582682 0.594907 0.074219 0.060185
1 0.755859 0.598611 0.074219 0.060185
1 0.750651 0.659722 0.074219 0.060185
1 0.853516 0.534722 0.074219 0.060185
1 0.853516 0.603241 0.074219 0.060185
1 0.853516 0.670833 0.074219 0.060185
1 0.853516 0.738426 0.074219 0.060185
1 0.852214 0.805093 0.074219 0.060185
1 0.764974 0.804167 0.074219 0.060185
1 0.763672 0.737500 0.074219 0.060185
1 0.676432 0.737500 0.074219 0.060185
1 0.589193 0.738426 0.074219 0.060185
1 0.590495 0.805093 0.074219 0.060185
1 0.677734 0.805093 0.074219 0.060185
1 0.671224 0.663426 0.074219 0.060185
1 0.498047 0.806944 0.074219 0.060185
1 0.143880 0.525463 0.074219 0.060185
1 0.237630 0.458796 0.074219 0.060185
1 0.320964 0.391204 0.074219 0.060185
1 0.405599 0.327315 0.074219 0.060185
1 0.327474 0.327315 0.074219 0.060185
1 0.237630 0.385648 0.074219 0.060185
1 0.237630 0.319907 0.074219 0.060185
1 0.143880 0.457870 0.074219 0.060185
1 0.143880 0.390278 0.074219 0.060185
1 0.143880 0.322685 0.074219 0.060185
1 0.145182 0.255093 0.074219 0.060185
1 0.233724 0.255093 0.074219 0.060185
1 0.322266 0.255093 0.074219 0.060185
1 0.409505 0.255093 0.074219 0.060185
1 0.498047 0.255093 0.074219 0.060185
1 0.585286 0.255093 0.074219 0.060185
0 0.670573 0.258796 0.083333 0.069444
0 0.761719 0.261574 0.083333 0.069444
0 0.855469 0.259722 0.083333 0.069444
0 0.843750 0.328241 0.083333 0.069444
0 0.761719 0.326389 0.083333 0.069444
0 0.673177 0.320833 0.083333 0.069444
0 0.580729 0.326389 0.083333 0.069444
0 0.488281 0.331019 0.083333 0.069444
0 0.492188 0.389352 0.083333 0.069444
0 0.408854 0.394907 0.083333 0.069444
0 0.490885 0.464352 0.083333 0.069444
0 0.576823 0.461574 0.083333 0.069444
0 0.583333 0.522685 0.083333 0.069444
0 0.684896 0.593056 0.083333 0.069444
0 0.674479 0.527315 0.083333 0.069444
0 0.756510 0.528241 0.083333 0.069444
0 0.669271 0.460648 0.083333 0.069444
0 0.763021 0.465278 0.083333 0.069444
0 0.848958 0.467130 0.083333 0.069444
0 0.834635 0.393981 0.083333 0.069444
0 0.751302 0.400463 0.083333 0.069444
0 0.670573 0.397685 0.083333 0.069444
0 0.576823 0.393056 0.083333 0.069444
0 0.317708 0.463426 0.083333 0.069444
0 0.230469 0.525463 0.083333 0.069444
0 0.320312 0.526389 0.083333 0.069444
0 0.399740 0.526389 0.083333 0.069444
0 0.494792 0.597685 0.083333 0.069444
0 0.579427 0.667130 0.083333 0.069444
0 0.489583 0.668056 0.083333 0.069444
0 0.502604 0.735648 0.083333 0.069444
0 0.412760 0.796759 0.083333 0.069444
0 0.412760 0.737500 0.083333 0.069444
0 0.414062 0.677315 0.083333 0.069444
0 0.410156 0.600463 0.083333 0.069444
0 0.322917 0.600463 0.083333 0.069444
0 0.326823 0.664352 0.083333 0.069444
0 0.322917 0.731019 0.083333 0.069444
0 0.324219 0.803241 0.083333 0.069444
0 0.240885 0.800463 0.083333 0.069444
0 0.238281 0.735648 0.083333 0.069444
0 0.231771 0.670833 0.083333 0.069444
0 0.231771 0.600463 0.083333 0.069444
0 0.145833 0.603241 0.083333 0.069444
0 0.141927 0.661574 0.083333 0.069444
0 0.140625 0.735648 0.083333 0.069444
0 0.144531 0.799537 0.083333 0.069444
