2 0.589193 0.327778 0.082031 0.070370
2 0.759766 0.470370 0.082031 0.070370
1 0.501302 0.257870 0.083333 0.069444
1 0.588542 0.257870 0.083333 0.069444
1 0.677083 0.257870 0.083333 0.069444
1 0.765625 0.257870 0.083333 0.069444
1 0.851562 0.258796 0.083333 0.069444
1 0.850260 0.325463 0.083333 0.069444
1 0.763021 0.325463 0.083333 0.069444
1 0.675781 0.326389 0.083333 0.069444
1 0.677083 0.393056 0.083333 0.069444
1 0.765625 0.393056 0.083333 0.069444
1 0.851562 0.393981 0.083333 0.069444
1 0.851562 0.461574 0.083333 0.069444
1 0.851562 0.529167 0.083333 0.069444
1 0.140625 0.674537 0.083333 0.069444
1 0.226562 0.675463 0.083333 0.069444
1 0.225260 0.742130 0.083333 0.069444
1 0.139323 0.743056 0.083333 0.069444
1 0.140625 0.810648 0.083333 0.069444
1 0.227865 0.810648 0.083333 0.069444
1 0.315104 0.809722 0.083333 0.069444
1 0.315104 0.742130 0.083333 0.069444
0 0.143880 0.258333 0.087240 0.070370
0 0.231120 0.258333 0.087240 0.070370
0 0.319661 0.258333 0.087240 0.070370
0 0.406901 0.259259 0.087240 0.070370
0 0.405599 0.326852 0.087240 0.070370
0 0.317057 0.326852 0.087240 0.070370
0 0.228516 0.326852 0.087240 0.070370
0 0.142578 0.327778 0.087240 0.070370
0 0.143880 0.394444 0.087240 0.070370
0 0.231120 0.394444 0.087240 0.070370
0 0.319661 0.394444 0.087240 0.070370
0 0.406901 0.395370 0.087240 0.070370
0 0.405599 0.462037 0.087240 0.070370
0 0.318359 0.462037 0.087240 0.070370
0 0.229818 0.462037 0.087240 0.070370
0 0.142578 0.462963 0.087240 0.070370
0 0.142578 0.530556 0.087240 0.070370
0 0.143880 0.598148 0.087240 0.070370
0 0.231120 0.597222 0.087240 0.070370
0 0.232422 0.529630 0.087240 0.070370
0 0.319661 0.530556 0.087240 0.070370
0 0.319661 0.599074 0.087240 0.070370
0 0.320964 0.665741 0.087240 0.070370
0 0.406901 0.665741 0.087240 0.070370
0 0.406901 0.597222 0.087240 0.070370
0 0.408203 0.529630 0.087240 0.070370
0 0.496745 0.528704 0.087240 0.070370
0 0.496745 0.461111 0.087240 0.070370
0 0.498047 0.393519 0.087240 0.070370
0 0.496745 0.326852 0.087240 0.070370
0 0.583984 0.394444 0.087240 0.070370
0 0.585286 0.461111 0.087240 0.070370
0 0.672526 0.462037 0.087240 0.070370
0 0.673828 0.529630 0.087240 0.070370
0 0.761068 0.530556 0.087240 0.070370
0 0.758464 0.597222 0.087240 0.070370
0 0.848307 0.597222 0.087240 0.070370
0 0.671224 0.597222 0.087240 0.070370
0 0.583984 0.597222 0.087240 0.070370
0 0.583984 0.529630 0.087240 0.070370
0 0.406901 0.733333 0.087240 0.070370
0 0.408203 0.800000 0.087240 0.070370
0 0.495443 0.800000 0.087240 0.070370
0 0.582682 0.799074 0.087240 0.070370
0 0.581380 0.732407 0.087240 0.070370
0 0.494141 0.730556 0.087240 0.070370
0 0.494141 0.662963 0.087240 0.070370
0 0.494141 0.596296 0.087240 0.070370
0 0.583984 0.663889 0.087240 0.070370
3 0.470703 0.115741 0.108073 0.079630
