0 0.367188 0.260185 0.085938 0.070370
0 0.455729 0.259259 0.085938 0.070370
0 0.545573 0.259259 0.085938 0.070370
0 0.367188 0.326852 0.085938 0.070370
0 0.278646 0.326852 0.085938 0.070370
0 0.454427 0.326852 0.085938 0.070370
0 0.542969 0.326852 0.085938 0.070370
0 0.632812 0.328704 0.085938 0.070370
0 0.718750 0.327778 0.085938 0.070370
0 0.631510 0.395370 0.085938 0.070370
0 0.544271 0.395370 0.085938 0.070370
0 0.454427 0.395370 0.085938 0.070370
0 0.367188 0.396296 0.085938 0.070370
0 0.367188 0.463889 0.085938 0.070370
0 0.278646 0.463889 0.085938 0.070370
0 0.455729 0.463889 0.085938 0.070370
0 0.542969 0.463889 0.085938 0.070370
0 0.631510 0.464815 0.085938 0.070370
0 0.718750 0.463889 0.085938 0.070370
0 0.630208 0.532407 0.085938 0.070370
0 0.541667 0.532407 0.085938 0.070370
0 0.454427 0.532407 0.085938 0.070370
0 0.367188 0.533333 0.085938 0.070370
0 0.367188 0.600000 0.085938 0.070370
0 0.278646 0.600000 0.085938 0.070370
0 0.454427 0.600000 0.085938 0.070370
0 0.542969 0.600000 0.085938 0.070370
0 0.631510 0.600926 0.085938 0.070370
0 0.717448 0.600000 0.085938 0.070370
0 0.630208 0.668519 0.085938 0.070370
0 0.541667 0.668519 0.085938 0.070370
0 0.454427 0.668519 0.085938 0.070370
0 0.367188 0.669444 0.085938 0.070370
0 0.367188 0.736111 0.085938 0.070370
0 0.278646 0.736111 0.085938 0.070370
0 0.455729 0.736111 0.085938 0.070370
0 0.542969 0.736111 0.085938 0.070370
0 0.631510 0.737037 0.085938 0.070370
0 0.718750 0.736111 0.085938 0.070370
0 0.630208 0.803704 0.085938 0.070370
0 0.541667 0.803704 0.085938 0.070370
0 0.453125 0.803704 0.085938 0.070370
1 0.272786 0.255093 0.082031 0.062037
1 0.275391 0.394907 0.082031 0.062037
1 0.266276 0.531944 0.082031 0.062037
1 0.268880 0.668056 0.082031 0.062037
1 0.271484 0.809722 0.082031 0.062037
1 0.719401 0.802315 0.082031 0.062037
1 0.716797 0.668981 0.082031 0.062037
1 0.718099 0.535648 0.082031 0.062037
1 0.718099 0.396759 0.082031 0.062037
1 0.722005 0.256944 0.082031 0.062037
0 0.632812 0.259259 0.085938 0.070370
3 0.472005 0.117130 0.105469 0.076852
