0 0.464062 0.262037 0.038542 0.070370
0 0.498958 0.260185 0.038542 0.070370
0 0.533854 0.263889 0.038542 0.070370
0 0.532813 0.331481 0.038542 0.070370
0 0.568750 0.328704 0.038542 0.070370
0 0.499479 0.325000 0.038542 0.070370
0 0.464583 0.328704 0.038542 0.070370
0 0.427083 0.329630 0.038542 0.070370
0 0.425521 0.397222 0.038542 0.070370
0 0.390104 0.397222 0.038542 0.070370
0 0.461979 0.393519 0.038542 0.070370
0 0.498958 0.398148 0.038542 0.070370
0 0.533333 0.398148 0.038542 0.070370
0 0.571354 0.399074 0.038542 0.070370
0 0.606250 0.400000 0.038542 0.070370
0 0.607812 0.464815 0.038542 0.070370
0 0.640104 0.468519 0.038542 0.070370
0 0.572396 0.467593 0.038542 0.070370
0 0.533333 0.467593 0.038542 0.070370
0 0.499479 0.466667 0.038542 0.070370
0 0.463542 0.466667 0.038542 0.070370
0 0.426563 0.464815 0.038542 0.070370
0 0.391146 0.466667 0.038542 0.070370
0 0.356250 0.469444 0.038542 0.070370
0 0.355208 0.530556 0.038542 0.070370
0 0.395833 0.535185 0.038542 0.070370
0 0.428646 0.535185 0.038542 0.070370
0 0.462500 0.535185 0.038542 0.070370
0 0.500000 0.536111 0.038542 0.070370
0 0.533854 0.537037 0.038542 0.070370
0 0.570833 0.537037 0.038542 0.070370
0 0.605208 0.535185 0.038542 0.070370
0 0.642188 0.535185 0.038542 0.070370
0 0.641667 0.601852 0.038542 0.070370
0 0.603125 0.602778 0.038542 0.070370
0 0.568229 0.600000 0.038542 0.070370
0 0.533333 0.602778 0.038542 0.070370
0 0.497917 0.602778 0.038542 0.070370
0 0.465625 0.601852 0.038542 0.070370
0 0.429167 0.600926 0.038542 0.070370
0 0.395313 0.600926 0.038542 0.070370
0 0.358333 0.599074 0.038542 0.070370
0 0.357812 0.672222 0.038542 0.070370
0 0.394271 0.671296 0.038542 0.070370
0 0.429167 0.668519 0.038542 0.070370
0 0.465104 0.668519 0.038542 0.070370
0 0.499479 0.671296 0.038542 0.070370
0 0.537500 0.668519 0.038542 0.070370
0 0.569792 0.671296 0.038542 0.070370
0 0.606250 0.671296 0.038542 0.070370
0 0.642188 0.671296 0.038542 0.070370
0 0.642188 0.740741 0.038542 0.070370
0 0.604688 0.739815 0.038542 0.070370
0 0.568750 0.737963 0.038542 0.070370
0 0.534896 0.736111 0.038542 0.070370
0 0.498958 0.736111 0.038542 0.070370
0 0.463021 0.736111 0.038542 0.070370
0 0.428646 0.737037 0.038542 0.070370
0 0.397396 0.737037 0.038542 0.070370
0 0.359375 0.737037 0.038542 0.070370
0 0.358854 0.800926 0.038542 0.070370
0 0.394271 0.803704 0.038542 0.070370
0 0.429688 0.804630 0.038542 0.070370
0 0.465104 0.806481 0.038542 0.070370
0 0.501563 0.806481 0.038542 0.070370
0 0.535417 0.804630 0.038542 0.070370
0 0.566146 0.805556 0.038542 0.070370
0 0.603646 0.807407 0.038542 0.070370
0 0.642708 0.807407 0.038542 0.070370
