0 0.193359 0.360185 0.092448 0.070370
0 0.280599 0.360185 0.092448 0.070370
0 0.369141 0.360185 0.092448 0.070370
0 0.457682 0.360185 0.092448 0.070370
0 0.544922 0.360185 0.092448 0.070370
0 0.633464 0.360185 0.092448 0.070370
0 0.722005 0.360185 0.092448 0.070370
0 0.807943 0.361111 0.092448 0.070370
0 0.806641 0.427778 0.092448 0.070370
0 0.719401 0.427778 0.092448 0.070370
0 0.630859 0.427778 0.092448 0.070370
0 0.542318 0.427778 0.092448 0.070370
0 0.455078 0.427778 0.092448 0.070370
0 0.366536 0.427778 0.092448 0.070370
0 0.277995 0.427778 0.092448 0.070370
0 0.192057 0.428704 0.092448 0.070370
0 0.193359 0.496296 0.092448 0.070370
0 0.280599 0.496296 0.092448 0.070370
0 0.369141 0.496296 0.092448 0.070370
0 0.457682 0.496296 0.092448 0.070370
0 0.544922 0.496296 0.092448 0.070370
0 0.633464 0.496296 0.092448 0.070370
0 0.722005 0.496296 0.092448 0.070370
0 0.807943 0.497222 0.092448 0.070370
0 0.806641 0.563889 0.092448 0.070370
0 0.719401 0.563889 0.092448 0.070370
0 0.630859 0.563889 0.092448 0.070370
0 0.542318 0.563889 0.092448 0.070370
0 0.455078 0.563889 0.092448 0.070370
0 0.366536 0.563889 0.092448 0.070370
0 0.277995 0.563889 0.092448 0.070370
0 0.192057 0.564815 0.092448 0.070370
0 0.193359 0.631481 0.092448 0.070370
0 0.280599 0.631481 0.092448 0.070370
0 0.369141 0.631481 0.092448 0.070370
0 0.457682 0.631481 0.092448 0.070370
0 0.544922 0.631481 0.092448 0.070370
0 0.633464 0.631481 0.092448 0.070370
0 0.722005 0.631481 0.092448 0.070370
0 0.807943 0.632407 0.092448 0.070370
0 0.806641 0.699074 0.092448 0.070370
0 0.719401 0.699074 0.092448 0.070370
0 0.630859 0.699074 0.092448 0.070370
0 0.542318 0.699074 0.092448 0.070370
0 0.455078 0.699074 0.092448 0.070370
0 0.366536 0.699074 0.092448 0.070370
0 0.277995 0.699074 0.092448 0.070370
0 0.192057 0.699074 0.092448 0.070370
3 0.467448 0.115741 0.125000 0.075926
