2 0.143229 0.339815 0.106771 0.064815
2 0.234375 0.270370 0.106771 0.064815
2 0.319010 0.211111 0.106771 0.064815
2 0.677083 0.210185 0.106771 0.064815
2 0.763021 0.267593 0.106771 0.064815
2 0.852865 0.338889 0.106771 0.064815
1 0.136068 0.270833 0.095052 0.069444
1 0.486328 0.251389 0.095052 0.069444
1 0.862630 0.270833 0.095052 0.069444
1 0.681641 0.656019 0.095052 0.069444
1 0.589193 0.728241 0.095052 0.069444
1 0.418620 0.734722 0.095052 0.069444
1 0.326172 0.675463 0.095052 0.069444
0 0.319010 0.263426 0.098958 0.069444
0 0.406250 0.263426 0.098958 0.069444
0 0.580729 0.252315 0.098958 0.069444
0 0.683594 0.256019 0.098958 0.069444
0 0.503906 0.738426 0.098958 0.069444
0 0.500000 0.669907 0.098958 0.069444
0 0.419271 0.667130 0.098958 0.069444
0 0.588542 0.669907 0.098958 0.069444
0 0.324219 0.736574 0.098958 0.069444
0 0.235677 0.736574 0.098958 0.069444
0 0.148438 0.737500 0.098958 0.069444
0 0.149740 0.804167 0.098958 0.069444
0 0.238281 0.804167 0.098958 0.069444
0 0.326823 0.804167 0.098958 0.069444
0 0.414062 0.804167 0.098958 0.069444
0 0.502604 0.804167 0.098958 0.069444
0 0.591146 0.804167 0.098958 0.069444
0 0.678385 0.804167 0.098958 0.069444
0 0.766927 0.804167 0.098958 0.069444
0 0.854167 0.803241 0.098958 0.069444
0 0.852865 0.736574 0.098958 0.069444
0 0.764323 0.735648 0.098958 0.069444
0 0.677083 0.736574 0.098958 0.069444
0 0.765625 0.668981 0.098958 0.069444
0 0.851562 0.668056 0.098958 0.069444
0 0.850260 0.601389 0.098958 0.069444
0 0.763021 0.601389 0.098958 0.069444
0 0.673177 0.601389 0.098958 0.069444
0 0.584635 0.601389 0.098958 0.069444
0 0.497396 0.601389 0.098958 0.069444
0 0.408854 0.601389 0.098958 0.069444
0 0.320312 0.601389 0.098958 0.069444
0 0.233073 0.601389 0.098958 0.069444
0 0.145833 0.601389 0.098958 0.069444
0 0.147135 0.668981 0.098958 0.069444
0 0.234375 0.668981 0.098958 0.069444
0 0.147135 0.534722 0.098958 0.069444
0 0.234375 0.534722 0.098958 0.069444
0 0.322917 0.534722 0.098958 0.069444
0 0.322917 0.534722 0.098958 0.069444
0 0.410156 0.534722 0.098958 0.069444
0 0.498698 0.534722 0.098958 0.069444
0 0.587240 0.534722 0.098958 0.069444
0 0.674479 0.534722 0.098958 0.069444
0 0.763021 0.534722 0.098958 0.069444
0 0.850260 0.533796 0.098958 0.069444
0 0.848958 0.467130 0.098958 0.069444
0 0.760417 0.467130 0.098958 0.069444
0 0.671875 0.467130 0.098958 0.069444
0 0.584635 0.467130 0.098958 0.069444
0 0.496094 0.467130 0.098958 0.069444
0 0.407552 0.467130 0.098958 0.069444
0 0.320312 0.467130 0.098958 0.069444
0 0.231771 0.467130 0.098958 0.069444
0 0.144531 0.466204 0.098958 0.069444
0 0.145833 0.398611 0.098958 0.069444
0 0.234375 0.398611 0.098958 0.069444
0 0.322917 0.398611 0.098958 0.069444
0 0.410156 0.398611 0.098958 0.069444
0 0.498698 0.398611 0.098958 0.069444
0 0.587240 0.398611 0.098958 0.069444
0 0.674479 0.398611 0.098958 0.069444
0 0.763021 0.397685 0.098958 0.069444
0 0.850260 0.398611 0.098958 0.069444
0 0.761719 0.331019 0.098958 0.069444
0 0.673177 0.331019 0.098958 0.069444
0 0.584635 0.331019 0.098958 0.069444
0 0.497396 0.331019 0.098958 0.069444
0 0.408854 0.331019 0.098958 0.069444
0 0.320312 0.331019 0.098958 0.069444
0 0.234375 0.331019 0.098958 0.069444
