2 0.143880 0.208796 0.095052 0.056481
2 0.231120 0.208796 0.095052 0.056481
2 0.319661 0.208796 0.095052 0.056481
2 0.408203 0.208796 0.095052 0.056481
2 0.494141 0.208796 0.095052 0.056481
1 0.320964 0.394907 0.071615 0.060185
1 0.673828 0.668056 0.071615 0.060185
1 0.585286 0.264352 0.071615 0.060185
1 0.586589 0.331019 0.071615 0.060185
1 0.673828 0.331944 0.071615 0.060185
1 0.675130 0.398611 0.071615 0.060185
1 0.762370 0.398611 0.071615 0.060185
1 0.849609 0.397685 0.071615 0.060185
1 0.848307 0.331019 0.071615 0.060185
1 0.761068 0.330093 0.071615 0.060185
1 0.761068 0.263426 0.071615 0.060185
1 0.673828 0.263426 0.071615 0.060185
1 0.848307 0.263426 0.071615 0.060185
1 0.138672 0.603241 0.071615 0.060185
1 0.228516 0.601389 0.071615 0.060185
1 0.310547 0.668981 0.071615 0.060185
1 0.315755 0.739352 0.071615 0.060185
1 0.322266 0.797685 0.071615 0.060185
1 0.231120 0.656944 0.071615 0.060185
1 0.136068 0.662500 0.071615 0.060185
1 0.137370 0.729167 0.071615 0.060185
1 0.220703 0.731019 0.071615 0.060185
1 0.236328 0.799537 0.071615 0.060185
1 0.142578 0.797685 0.071615 0.060185
0 0.147786 0.533796 0.084635 0.069444
0 0.147786 0.466204 0.084635 0.069444
0 0.147786 0.398611 0.084635 0.069444
0 0.147786 0.330093 0.084635 0.069444
0 0.149089 0.263426 0.084635 0.069444
0 0.236328 0.264352 0.084635 0.069444
0 0.236328 0.331944 0.084635 0.069444
0 0.236328 0.400463 0.084635 0.069444
0 0.236328 0.468056 0.084635 0.069444
0 0.237630 0.534722 0.084635 0.069444
0 0.324870 0.533796 0.084635 0.069444
0 0.324870 0.467130 0.084635 0.069444
0 0.330078 0.326389 0.084635 0.069444
0 0.331380 0.259722 0.084635 0.069444
0 0.418620 0.260648 0.084635 0.069444
0 0.418620 0.328241 0.084635 0.069444
0 0.418620 0.395833 0.084635 0.069444
0 0.418620 0.463426 0.084635 0.069444
0 0.419922 0.530093 0.084635 0.069444
0 0.505859 0.529167 0.084635 0.069444
0 0.505859 0.461574 0.084635 0.069444
0 0.505859 0.393981 0.084635 0.069444
0 0.505859 0.326389 0.084635 0.069444
0 0.505859 0.259722 0.084635 0.069444
0 0.582682 0.393981 0.084635 0.069444
0 0.323568 0.601389 0.084635 0.069444
0 0.413411 0.601389 0.084635 0.069444
0 0.500651 0.602315 0.084635 0.069444
0 0.499349 0.668981 0.084635 0.069444
0 0.412109 0.669907 0.084635 0.069444
0 0.413411 0.736574 0.084635 0.069444
0 0.500651 0.737500 0.084635 0.069444
0 0.500651 0.805093 0.084635 0.069444
0 0.412109 0.805093 0.084635 0.069444
0 0.586589 0.804167 0.084635 0.069444
0 0.586589 0.736574 0.084635 0.069444
0 0.586589 0.668981 0.084635 0.069444
0 0.586589 0.600463 0.084635 0.069444
0 0.586589 0.532870 0.084635 0.069444
0 0.587891 0.466204 0.084635 0.069444
0 0.675130 0.467130 0.084635 0.069444
0 0.675130 0.534722 0.084635 0.069444
0 0.676432 0.601389 0.084635 0.069444
0 0.763672 0.600463 0.084635 0.069444
0 0.763672 0.532870 0.084635 0.069444
0 0.764974 0.466204 0.084635 0.069444
0 0.671224 0.734722 0.084635 0.069444
0 0.852214 0.467130 0.084635 0.069444
0 0.852214 0.534722 0.084635 0.069444
0 0.852214 0.602315 0.084635 0.069444
0 0.852214 0.669907 0.084635 0.069444
0 0.852214 0.738426 0.084635 0.069444
0 0.850911 0.805093 0.084635 0.069444
0 0.763672 0.804167 0.084635 0.069444
0 0.763672 0.736574 0.084635 0.069444
0 0.763672 0.668981 0.084635 0.069444
0 0.675130 0.803241 0.084635 0.069444
