2 0.143229 0.212037 0.104167 0.064815
2 0.319010 0.215741 0.104167 0.064815
2 0.673177 0.212963 0.104167 0.064815
2 0.854167 0.211111 0.104167 0.064815
0 0.146484 0.264352 0.092448 0.063889
0 0.235026 0.264352 0.092448 0.063889
0 0.322266 0.264352 0.092448 0.063889
0 0.410807 0.264352 0.092448 0.063889
0 0.499349 0.264352 0.092448 0.063889
0 0.586589 0.264352 0.092448 0.063889
0 0.675130 0.264352 0.092448 0.063889
0 0.763672 0.264352 0.092448 0.063889
0 0.849609 0.265278 0.092448 0.063889
0 0.848307 0.332870 0.092448 0.063889
0 0.761068 0.332870 0.092448 0.063889
0 0.672526 0.332870 0.092448 0.063889
0 0.583984 0.332870 0.092448 0.063889
0 0.496745 0.332870 0.092448 0.063889
0 0.408203 0.332870 0.092448 0.063889
0 0.319661 0.332870 0.092448 0.063889
0 0.232422 0.332870 0.092448 0.063889
0 0.145182 0.333796 0.092448 0.063889
0 0.146484 0.400463 0.092448 0.063889
0 0.235026 0.400463 0.092448 0.063889
0 0.322266 0.400463 0.092448 0.063889
0 0.410807 0.400463 0.092448 0.063889
0 0.499349 0.400463 0.092448 0.063889
0 0.586589 0.400463 0.092448 0.063889
0 0.675130 0.400463 0.092448 0.063889
0 0.763672 0.400463 0.092448 0.063889
0 0.849609 0.401389 0.092448 0.063889
0 0.848307 0.468056 0.092448 0.063889
0 0.761068 0.468056 0.092448 0.063889
0 0.672526 0.468056 0.092448 0.063889
0 0.583984 0.468056 0.092448 0.063889
0 0.496745 0.468056 0.092448 0.063889
0 0.408203 0.468056 0.092448 0.063889
0 0.319661 0.468056 0.092448 0.063889
0 0.232422 0.468056 0.092448 0.063889
0 0.145182 0.468981 0.092448 0.063889
0 0.146484 0.535648 0.092448 0.063889
0 0.235026 0.535648 0.092448 0.063889
0 0.322266 0.535648 0.092448 0.063889
0 0.410807 0.535648 0.092448 0.063889
0 0.499349 0.535648 0.092448 0.063889
0 0.586589 0.535648 0.092448 0.063889
0 0.675130 0.535648 0.092448 0.063889
0 0.763672 0.535648 0.092448 0.063889
0 0.849609 0.536574 0.092448 0.063889
0 0.848307 0.604167 0.092448 0.063889
0 0.761068 0.603241 0.092448 0.063889
0 0.672526 0.603241 0.092448 0.063889
0 0.583984 0.603241 0.092448 0.063889
0 0.496745 0.603241 0.092448 0.063889
0 0.408203 0.603241 0.092448 0.063889
0 0.319661 0.603241 0.092448 0.063889
0 0.232422 0.603241 0.092448 0.063889
0 0.145182 0.604167 0.092448 0.063889
0 0.147786 0.671759 0.092448 0.063889
0 0.236328 0.671759 0.092448 0.063889
0 0.322266 0.672685 0.092448 0.063889
0 0.320964 0.739352 0.092448 0.063889
0 0.233724 0.739352 0.092448 0.063889
0 0.146484 0.740278 0.092448 0.063889
0 0.147786 0.806944 0.092448 0.063889
0 0.236328 0.806944 0.092448 0.063889
0 0.322266 0.806944 0.092448 0.063889
0 0.847005 0.670833 0.092448 0.063889
0 0.759766 0.670833 0.092448 0.063889
0 0.672526 0.671759 0.092448 0.063889
0 0.673828 0.738426 0.092448 0.063889
0 0.763672 0.738426 0.092448 0.063889
0 0.849609 0.739352 0.092448 0.063889
0 0.848307 0.806944 0.092448 0.063889
0 0.761068 0.806944 0.092448 0.063889
0 0.673828 0.806944 0.092448 0.063889
3 0.470052 0.115741 0.109375 0.079630
