2 0.149089 0.214815 0.108073 0.064815
2 0.326172 0.213889 0.108073 0.064815
2 0.501953 0.209259 0.108073 0.064815
2 0.679036 0.212037 0.108073 0.064815
2 0.858724 0.212037 0.108073 0.064815
0 0.144531 0.736574 0.096354 0.065741
0 0.145833 0.804167 0.096354 0.065741
0 0.333333 0.737500 0.096354 0.065741
0 0.324219 0.811574 0.096354 0.065741
0 0.496094 0.738426 0.096354 0.065741
0 0.497396 0.805093 0.096354 0.065741
0 0.674479 0.743056 0.096354 0.065741
0 0.670573 0.806019 0.096354 0.065741
0 0.842448 0.736574 0.096354 0.065741
0 0.847656 0.804167 0.096354 0.065741
0 0.147135 0.668981 0.098958 0.069444
0 0.234375 0.668981 0.098958 0.069444
0 0.322917 0.668981 0.098958 0.069444
0 0.411458 0.668981 0.098958 0.069444
0 0.498698 0.668981 0.098958 0.069444
0 0.587240 0.668981 0.098958 0.069444
0 0.675781 0.668981 0.098958 0.069444
0 0.763021 0.668981 0.098958 0.069444
0 0.850260 0.668056 0.098958 0.069444
0 0.848958 0.601389 0.098958 0.069444
0 0.760417 0.601389 0.098958 0.069444
0 0.673177 0.601389 0.098958 0.069444
0 0.584635 0.601389 0.098958 0.069444
0 0.496094 0.601389 0.098958 0.069444
0 0.408854 0.601389 0.098958 0.069444
0 0.320312 0.601389 0.098958 0.069444
0 0.231771 0.601389 0.098958 0.069444
0 0.145833 0.600463 0.098958 0.069444
0 0.147135 0.533796 0.098958 0.069444
0 0.234375 0.533796 0.098958 0.069444
0 0.322917 0.533796 0.098958 0.069444
0 0.411458 0.533796 0.098958 0.069444
0 0.498698 0.533796 0.098958 0.069444
0 0.587240 0.533796 0.098958 0.069444
0 0.675781 0.533796 0.098958 0.069444
0 0.763021 0.533796 0.098958 0.069444
0 0.850260 0.532870 0.098958 0.069444
0 0.848958 0.466204 0.098958 0.069444
0 0.761719 0.465278 0.098958 0.069444
0 0.763021 0.397685 0.098958 0.069444
0 0.850260 0.396759 0.098958 0.069444
0 0.850260 0.329167 0.098958 0.069444
0 0.848958 0.262500 0.098958 0.069444
0 0.674479 0.331019 0.098958 0.069444
0 0.673177 0.397685 0.098958 0.069444
0 0.585938 0.398611 0.098958 0.069444
0 0.584635 0.466204 0.098958 0.069444
0 0.496094 0.466204 0.098958 0.069444
0 0.410156 0.465278 0.098958 0.069444
0 0.411458 0.397685 0.098958 0.069444
0 0.497396 0.396759 0.098958 0.069444
0 0.498698 0.330093 0.098958 0.069444
0 0.496094 0.262500 0.098958 0.069444
0 0.321615 0.331019 0.098958 0.069444
0 0.320312 0.397685 0.098958 0.069444
0 0.233073 0.398611 0.098958 0.069444
0 0.231771 0.466204 0.098958 0.069444
0 0.145833 0.465278 0.098958 0.069444
0 0.145833 0.396759 0.098958 0.069444
0 0.145833 0.329167 0.098958 0.069444
0 0.147135 0.262500 0.098958 0.069444
0 0.321615 0.262500 0.098958 0.069444
1 0.235677 0.271296 0.083333 0.059259
1 0.238281 0.330556 0.083333 0.059259
1 0.415365 0.270370 0.083333 0.059259
1 0.408854 0.335185 0.083333 0.059259
1 0.585938 0.270370 0.083333 0.059259
1 0.580729 0.333333 0.083333 0.059259
1 0.759115 0.270370 0.083333 0.059259
1 0.760417 0.332407 0.083333 0.059259
0 0.316406 0.458796 0.098958 0.069444
0 0.670573 0.468056 0.098958 0.069444
0 0.753906 0.806019 0.096354 0.065741
0 0.772135 0.737500 0.096354 0.065741
0 0.581380 0.740278 0.097656 0.065741
0 0.585286 0.806944 0.097656 0.065741
0 0.412109 0.803241 0.097656 0.065741
0 0.418620 0.736574 0.097656 0.065741
0 0.231120 0.733796 0.097656 0.065741
0 0.240234 0.804167 0.097656 0.065741
3 0.473958 0.116667 0.109375 0.074074
