0 0.324219 0.264815 0.093750 0.077778
0 0.411458 0.264815 0.093750 0.077778
0 0.500000 0.264815 0.093750 0.077778
0 0.588542 0.264815 0.093750 0.077778
0 0.141927 0.399074 0.093750 0.077778
0 0.141927 0.466667 0.093750 0.077778
0 0.141927 0.535185 0.093750 0.077778
0 0.141927 0.602778 0.093750 0.077778
0 0.141927 0.669444 0.093750 0.077778
0 0.320312 0.804630 0.093750 0.077778
0 0.408854 0.804630 0.093750 0.077778
0 0.496094 0.804630 0.093750 0.077778
0 0.671875 0.804630 0.093750 0.077778
0 0.846354 0.663889 0.093750 0.077778
0 0.846354 0.460185 0.093750 0.077778
0 0.411458 0.399074 0.093750 0.077778
0 0.498698 0.399074 0.093750 0.077778
0 0.587240 0.399074 0.093750 0.077778
0 0.674479 0.400000 0.093750 0.077778
0 0.673177 0.466667 0.093750 0.077778
0 0.584635 0.466667 0.093750 0.077778
0 0.496094 0.466667 0.093750 0.077778
0 0.408854 0.466667 0.093750 0.077778
0 0.321615 0.467593 0.093750 0.077778
0 0.322917 0.534259 0.093750 0.077778
0 0.410156 0.534259 0.093750 0.077778
0 0.582031 0.533333 0.093750 0.077778
0 0.669271 0.534259 0.093750 0.077778
0 0.667969 0.600926 0.093750 0.077778
0 0.579427 0.600926 0.093750 0.077778
0 0.492188 0.600926 0.093750 0.077778
0 0.403646 0.600926 0.093750 0.077778
0 0.316406 0.601852 0.093750 0.077778
0 0.317708 0.668519 0.093750 0.077778
0 0.406250 0.668519 0.093750 0.077778
0 0.494792 0.668519 0.093750 0.077778
0 0.582031 0.668519 0.093750 0.077778
0 0.669271 0.668519 0.093750 0.077778
2 0.320964 0.399074 0.079427 0.062963
2 0.848307 0.407407 0.079427 0.062963
1 0.675130 0.259722 0.100260 0.071296
1 0.762370 0.259722 0.100260 0.071296
1 0.849609 0.260648 0.100260 0.071296
1 0.848307 0.327315 0.100260 0.071296
1 0.761068 0.327315 0.100260 0.071296
1 0.857422 0.535648 0.100260 0.071296
1 0.856120 0.602315 0.100260 0.071296
1 0.768880 0.603241 0.100260 0.071296
1 0.768880 0.670833 0.100260 0.071296
1 0.767578 0.738426 0.100260 0.071296
1 0.679036 0.738426 0.100260 0.071296
1 0.593099 0.739352 0.100260 0.071296
1 0.593099 0.806019 0.100260 0.071296
0 0.141927 0.330556 0.093750 0.077778
0 0.144531 0.262037 0.093750 0.077778
0 0.234375 0.253704 0.093750 0.077778
0 0.234375 0.331481 0.093750 0.077778
0 0.328125 0.337963 0.093750 0.077778
0 0.417969 0.332407 0.093750 0.077778
0 0.489583 0.334259 0.093750 0.077778
0 0.572917 0.333333 0.093750 0.077778
0 0.678385 0.327778 0.093750 0.077778
0 0.246094 0.398148 0.093750 0.077778
0 0.756510 0.397222 0.093750 0.077778
0 0.769531 0.466667 0.093750 0.077778
0 0.242188 0.470370 0.093750 0.077778
0 0.242188 0.540741 0.093750 0.077778
0 0.505208 0.537037 0.093750 0.077778
0 0.760417 0.531481 0.093750 0.077778
0 0.231771 0.601852 0.093750 0.077778
0 0.236979 0.666667 0.093750 0.077778
0 0.319010 0.737963 0.093750 0.077778
0 0.242188 0.741667 0.093750 0.077778
0 0.144531 0.737963 0.093750 0.077778
0 0.145833 0.802778 0.093750 0.077778
0 0.242188 0.804630 0.093750 0.077778
0 0.403646 0.739815 0.093750 0.077778
0 0.501302 0.739815 0.093750 0.077778
0 0.757812 0.804630 0.093750 0.077778
0 0.852865 0.803704 0.093750 0.077778
0 0.852865 0.739815 0.093750 0.077778
0 0.851562 0.662037 0.093750 0.077778
